  69.61300  -62.11500   -4.67500    0.17600
  69.87100  -15.83300   -1.21000    0.05000
  69.81000  -15.04300   -1.40300    0.05000
  69.70100  -14.03000   -1.66500    0.05000
  69.56400  -13.00000   -1.96800    0.05000
  69.50300  -12.48000   -2.01600    0.05000
  69.51600  -10.33000   -2.33100    0.05300
  69.99700    7.48500   -4.21800    0.10400
  69.79900    8.00700   -4.16000    0.10100
  69.50600    8.52000   -4.25500    0.08000
  69.92900   10.31500   -4.43800    0.10200
  69.67700   10.97500   -4.45800    0.10300
  68.99000  -62.78700   -4.57000    0.16900
  68.91400  -62.08400   -4.52200    0.17400
  68.59500  -61.12000   -4.34800    0.17000
  69.46200  -15.66500   -1.28400    0.05000
  69.44300  -11.97500   -2.23200    0.05000
  69.28000  -10.99500   -2.45000    0.06100
  69.37700  -10.42500   -2.41600    0.06100
  69.31100    7.09000   -3.94900    0.07200
  69.27100    9.01500   -4.52200    0.10400
  68.99600    9.59500   -4.61100    0.11200
  69.48900   11.47000   -4.44800    0.10200
  69.35500   11.82000   -4.45100    0.10400
  68.46900  -60.62500   -4.16500    0.17500
  68.30900  -60.00000   -3.57600    0.19800
  68.15400  -59.39000   -3.24600    0.18900
  67.82000  -18.11600   -1.16600    0.05000
  67.71400    0.98000   -3.61900    0.09100
  66.81300  -18.52500   -1.14200    0.07900
  67.18300  -18.37500   -0.97900    0.06100
  65.50900  -33.59500   -4.45500    0.36300
  66.20600   -3.70000   -3.82400    0.10000
  65.97100   -3.00000   -3.48500    0.10000
  65.65200   -2.05000   -3.65900    0.10400
  65.91000    1.07500   -3.54100    0.08100
  65.57000    1.61000   -3.64600    0.09100
  65.48400  -33.53500   -4.47300    0.36300
  65.26100  -33.00000   -4.41900    0.29000
  64.84400  -32.00000   -3.91300    0.13700
  64.56600  -31.33500   -3.36000    0.06400
  65.48200   -1.54500   -3.60800    0.10100
  65.29900   -1.00000   -3.82900    0.11000
  64.96300    0.00000   -3.72400    0.09000
  64.68900    0.81500   -4.00900    0.10400
  65.25000    2.11500   -3.56800    0.07500
  64.91900    2.63400   -2.93200    0.05000
  64.43100  -31.01000   -3.54100    0.06700
  63.54800  -23.60500   -1.24500    0.10600
  63.74900   -4.93600   -4.24100    0.13600
  63.01900  -38.66500   -4.24900    0.22200
  62.78000  -37.93300   -4.20400    0.19300
  62.57800  -37.26100   -3.92700    0.16000
  63.04000  -24.64000   -1.04700    0.07800
  63.21900  -23.99800   -1.12100    0.08400
  63.27500   -4.93400   -4.23000    0.17500
  62.40800  -36.78200   -4.01300    0.14300
  62.22000  -36.15700   -3.91200    0.11400
  61.73700  -26.75000   -1.19100    0.05000
  61.52900  -26.12000   -1.66100    0.05000
  60.79400  -57.21500   -4.10600    0.09700
  61.45100  -26.23300   -1.51200    0.05000
  59.90300  -59.72000   -4.83200    0.18200
  59.60400  -59.08200   -4.68100    0.15600
  60.22700  -57.87000   -4.41100    0.13100
  59.52400  -56.87500   -4.66600    0.13000
  59.88300  -51.79000   -4.41000    0.08100
  60.04600  -51.20500   -4.37500    0.08300
  59.78500  -20.90500   -3.61600    0.08700
  59.54700  -20.41000   -3.86500    0.11800
  59.86400  177.18100   -5.96400    0.14500
  59.39500  -59.07900   -4.85300    0.18500
  59.14700  -57.59500   -4.41600    0.11000
  59.34300  -57.22100   -4.49500    0.12600
  58.96800  -51.72000   -4.33000    0.11300
  59.09900  -42.65500   -4.64500    0.20300
  58.92700  -42.00000   -4.50300    0.14100
  58.66400  -41.00000   -4.25900    0.10700
  58.51600  -40.44000   -4.16900    0.09700
  59.44800  -20.20500   -4.10300    0.13700
  58.99900  177.19000   -5.82100    0.15600
  57.92300 -178.25200   -5.96600    0.16100
  57.62000 -176.98100   -5.94900    0.16700
  57.77300  -55.97100   -4.90200    0.14300
  57.62900  -55.41000   -4.80000    0.12400
  57.75400  -53.96500   -4.03000    0.11100
  58.17500  -53.18500   -4.42800    0.13600
  58.47200  -40.27000   -4.28200    0.09800
  57.75300  -32.73700   -1.67000    0.05000
  57.60700  -32.23000   -1.56000    0.05000
  57.99800  177.20100   -6.06800    0.13200
  57.29800  -55.79300   -4.80200    0.13500
  57.09000  -54.96700   -4.36900    0.11600
  57.02100  -54.21300   -4.14400    0.11500
  57.22900  -24.82300   -3.52000    0.06400
  56.94400  -24.07000   -3.74900    0.08100
  56.91800  -23.30500   -3.70000    0.05900
  57.42000  177.20700   -6.07500    0.12400
  56.29900  -53.74500   -4.80200    0.11500
  55.86700  -53.25500   -4.83100    0.12100
  56.49100  -23.84500   -3.91500    0.11700
  53.91000 -155.72500   -5.17900    0.05900
  52.54200 -163.58500   -5.52600    0.05000
  53.06600 -159.74500   -5.23000    0.06200
  52.45300 -163.52500   -5.31900    0.05000
  52.37700 -163.47500   -5.19900    0.05000
  50.52600 -171.83500   -5.28500    0.05000
  50.25100 -171.66000   -5.03400    0.05000
  50.34300  -44.68000   -4.42400    0.11100
  50.37500  -44.48000   -4.25300    0.09200
  48.53900  -41.37500   -4.87900    0.09500
  48.59900  -14.71900   -4.96700    0.05700
  48.76200  -14.14400   -5.01300    0.08300
  48.35900 -130.73500   -3.00400    0.06200
  48.16600 -129.85500   -2.90800    0.06300
  47.97900 -129.00000   -2.63400    0.06400
  47.78500 -128.11500   -2.93700    0.06400
  47.63200 -127.41500   -3.25300    0.07400
  48.39200  -42.02500   -5.05500    0.11900
  47.31200 -130.85500   -2.83600    0.06000
  47.06000 -129.91100   -2.67900    0.05900
  46.70100 -128.82100   -2.86200    0.06100
  46.59300 -128.28600   -3.10800    0.06700
  47.07400 -126.70400   -3.32100    0.07600
  46.68100 -126.37500   -3.38300    0.08200
  46.39400 -127.95500   -3.16200    0.06700
  45.84400  -42.75500   -5.15900    0.05700
  46.01200   -7.84500   -6.36800    0.11600
  45.29400 -131.54500   -3.28800    0.05900
  45.07300 -131.08000   -2.85800    0.05000
  44.65100 -130.05100   -2.51900    0.05000
  44.71300 -129.15500   -3.03800    0.06300
  44.64000 -126.59000   -3.12800    0.06900
  44.64300 -126.16000   -3.48300    0.08100
  44.92100  -43.87000   -5.07300    0.12900
  44.72800  -43.48500   -4.84000    0.10000
  44.73500   -8.58200   -6.67900    0.10500
  44.44900 -129.98400   -2.51400    0.05000
  43.53500  -53.28000   -6.10000    0.23600
  44.03800  -45.66300   -5.08400    0.10000
  43.86700  -45.34900   -5.23300    0.10600
  44.48100   -8.57900   -7.07900    0.15000
  43.79000   32.21100   -7.80000    0.53300
  43.59200   32.68000   -8.30300    0.56100
  43.45200  -53.37000   -6.29200    0.23200
  43.06400   32.15600   -7.48400    0.49300
  43.28800   33.02300   -8.23200    0.55100
  42.88500   34.00000   -7.88000    0.50300
  42.66300   37.27000   -5.65600    0.24600
  42.93200   37.96200   -6.30600    0.32700
  42.64600   38.77000   -6.45700    0.35000
  42.61400  138.20500   -4.71300    0.09200
  41.63800  -64.03300   -6.25600    0.22300
  41.79400  -60.54000   -7.21000    0.17200
  41.85300  -60.33800   -7.14800    0.19000
  42.14000  -13.24500   -6.08400    0.07100
  41.56500    5.17000   -5.20400    0.22600
  42.34900   37.99000   -5.57200    0.24100
  42.42000   39.18000   -6.59100    0.36800
  41.82900  136.38000   -4.82600    0.08100
  42.09600  137.00000   -4.88000    0.08800
  42.40400  137.71500   -4.80500    0.09000
  40.71100 -125.51700   -3.28500    0.06900
  40.50500 -125.49900   -3.73600    0.09700
  41.44900  -64.25000   -6.46300    0.21700
  41.11600  -59.90500   -7.01300    0.14500
  40.50400  -13.63000   -6.26800    0.06300
  41.39900    5.37000   -5.28600    0.21700
  40.94100    5.92000   -5.51700    0.23700
  40.81600  146.13200   -5.58900    0.05000
  41.15600  146.70300   -5.71400    0.05500
  40.52500  147.57500   -5.80100    0.07600
  41.10000  159.95000   -5.85900    0.05000
  40.46000 -125.49500   -3.71100    0.09200
  40.49500  -13.54500   -6.47700    0.06700
  40.46100  -13.22400   -6.58900    0.09700
  39.86000    6.34500   -4.83100    0.23000
  39.84200    6.55000   -4.76500    0.21600
  40.23800  145.39000   -5.79600    0.05500
  39.89300  145.60700   -5.55800    0.05000
  40.33900  146.83000   -5.64200    0.05000
  40.00000  147.94500   -5.76700    0.07200
  40.04700  150.81600   -5.60400    0.06700
  38.60100  -72.27700   -7.09700    0.29400
  38.52700    5.54800   -4.27200    0.15300
  38.85500  145.43300   -5.48000    0.05000
  39.35400  145.52600   -5.55100    0.05000
  39.23800  147.09500   -5.60300    0.06800
  39.08600  148.12800   -5.80700    0.06400
  39.02300  148.63500   -5.84900    0.06300
  38.06500  -68.88000   -6.28700    0.15600
  37.64900    2.44600   -4.37800    0.14400
  37.99900    5.60900   -4.24800    0.15500
  38.33100  145.33500   -5.44100    0.05000
  38.46900  147.69000   -5.79200    0.06500
  37.21700 -123.50500   -4.22600    0.08800
  37.28000 -123.37500   -4.19600    0.13300
  36.50700  -74.04000   -6.38200    0.25700
  37.11700  -70.26000   -6.16100    0.13100
  37.29800  -32.30200   -1.86600    0.05000
  37.47400    2.49400   -4.44600    0.14500
  37.38700    2.51800   -4.46900    0.14600
  37.41800    5.67500   -4.44200    0.17100
  36.69400  153.25000   -6.04900    0.06800
  36.74100  153.90600   -6.12300    0.07300
  36.81600  154.96300   -6.05500    0.07100
  36.86000  155.57500   -6.11400    0.07000
  36.45100  -73.75000   -6.33300    0.22200
  36.38600  -73.41500   -6.38200    0.20800
  35.84700  -12.90000   -6.42800    0.11200
  36.26600  145.15500   -5.82400    0.06300
  36.09700  146.01400   -5.85400    0.06500
  35.77500  146.61100   -5.96400    0.06400
  36.40000  152.64000   -6.04400    0.06800
  34.83000 -121.98000   -4.53200    0.05300
  34.75200  -72.69200   -6.60100    0.15300
  34.63300  -71.92700   -6.25500    0.12900
  34.53700  -69.84500   -6.27800    0.09200
  34.59100  -36.51000   -2.63300    0.05000
  34.92500  -36.40000   -2.51900    0.05000
  34.70900  -10.79400   -6.11500    0.13900
  34.56200  -10.40500   -6.02600    0.14900
  34.53100  146.47700   -6.00900    0.06400
  35.38600  146.55000   -6.01500    0.06400
  33.99800  -73.15000   -6.77500    0.15700
  33.73700  -72.18500   -6.60300    0.11300
  34.14100  -70.54000   -6.35200    0.09600
  33.92900  -37.69500   -2.96700    0.05000
  34.31000  -37.09500   -2.80700    0.05000
  34.01000  -12.71500   -5.91700    0.11600
  34.48400  -10.53000   -6.48400    0.14400
  34.22000  -10.34200   -6.68600    0.16600
  34.32700  146.48900   -5.99900    0.06400
  34.05900  147.07000   -5.96700    0.06300
  34.03500  147.66500   -5.97000    0.05800
  33.92200  149.35500   -5.84800    0.06100
  33.85900  150.12000   -5.96800    0.06600
  33.96200  152.01900   -6.04100    0.06300
  33.87600  152.84500   -6.15100    0.06400
  33.99700  153.91500   -5.92800    0.06200
  34.02100  154.56000   -5.88200    0.06500
  32.63600 -160.23100   -5.60600    0.05000
  33.12900  -73.60000   -6.89400    0.14700
  33.41900  -73.45000   -6.90300    0.15300
  32.61800  -71.77500   -6.62400    0.10200
  32.95700  -71.32500   -6.71200    0.10600
  33.25500  143.35000   -5.69600    0.06900
  31.99900 -160.22500   -5.33600    0.05000
  31.78400  -76.52500   -6.68300    0.29700
  32.13800  -76.13700   -6.59200    0.21300
  32.05600  -69.80700   -6.16000    0.08400
  31.67100  -69.01000   -5.94600    0.08100
  32.28200  -11.89000   -5.73700    0.12800
  32.17800  -11.12000   -6.03600    0.14600
  32.25000  138.13000   -4.72700    0.08900
  32.24600  142.98500   -5.97800    0.05000
  31.86400  143.74000   -5.82900    0.06100
  31.48300 -160.22000   -5.59000    0.05000
  30.83000  -72.74000   -6.74800    0.10800
  31.46900  -68.59000   -5.79400    0.07600
  31.18400  -68.00000   -5.79700    0.07700
  30.69200  -67.03100   -5.71100    0.07600
  30.99000  133.87000   -4.73500    0.07500
  31.06900  143.98200   -5.86400    0.06100
  31.00500  144.77200   -5.93400    0.06000
  30.82900  146.13600   -6.12900    0.06200
  30.69000  147.19900   -6.22700    0.06300
  30.70700  148.03200   -6.23100    0.06300
  30.72500  148.75500   -6.27000    0.06400
  30.42500  -66.53000   -5.67300    0.07900
  30.29900  -66.29300   -5.50700    0.07700
  29.82600  -65.40500   -5.37500    0.07300
  30.23300  -29.25000   -4.39500    0.05000
  29.70900  -27.74000   -4.67900    0.05100
  29.59600  -27.41500   -4.80000    0.05000
  29.65800  136.17000   -4.42700    0.05000
  29.83600  137.00000   -4.52300    0.05000
  29.98500  137.69500   -4.25900    0.06100
  28.54300  -71.62900   -6.27100    0.09800
  28.87500  -63.63500   -5.36800    0.06500
  28.61300  -63.18500   -5.38000    0.06000
  27.51900 -158.75600   -5.33300    0.05000
  27.57000 -111.85000   -3.87700    0.14900
  28.49700  -71.50000   -6.38900    0.09900
  28.16600  -71.07100   -6.27300    0.08900
  27.81400  -69.67900   -6.13500    0.07900
  27.70100  -69.27500   -5.98500    0.08000
  28.33400  -62.70500   -5.39300    0.06100
  27.96700  -62.07700   -5.64700    0.05900
  27.60500  -61.45500   -5.99100    0.05800
  27.95100  -20.86800   -5.74500    0.09100
  27.58800  147.11500   -5.83500    0.06500
  27.72900  150.05000   -6.10100    0.05000
  26.95000 -160.28300   -4.66700    0.05000
  26.99100 -158.75400   -4.71000    0.05000
  27.42000 -111.62000   -3.55500    0.11500
  27.01900 -111.00000   -3.32600    0.11100
  26.60000 -110.35500   -3.59100    0.12200
  26.98500  -89.82600   -6.96400    0.39300
  27.06700  -88.93600   -6.82100    0.36700
  26.95700  -88.01200   -6.65000    0.31000
  26.81100  -87.03900   -6.45800    0.26200
  26.65300  -86.41200   -6.76300    0.22500
  27.19100  -60.74500   -6.07600    0.05900
  26.68100  -59.89600   -6.14400    0.06000
  27.18600  146.33500   -5.90300    0.07300
  27.13600  147.00400   -5.83000    0.07100
  27.06900  147.85000   -5.88500    0.06200
  27.16700  149.32400   -6.04900    0.05000
  26.97200  149.80200   -5.95000    0.05000
  26.19200 -160.28100   -4.79700    0.05000
  26.19200 -158.75100   -4.85400    0.05000
  26.35400 -109.97500   -3.50700    0.14900
  25.92800  -93.87400   -7.49900    0.37600
  25.91400  -93.16000   -7.55500    0.38100
  25.76300  -92.00500   -7.44600    0.37400
  25.92200  -90.88400   -7.45000    0.33200
  25.98500  -89.95000   -7.15300    0.31200
  26.13000  -88.92800   -6.92700    0.31000
  26.12700  -87.96800   -6.74400    0.29100
  26.03000  -86.96400   -6.50300    0.24800
  25.92100  -86.22000   -6.22900    0.22100
  25.70900  -75.26000   -5.65400    0.09200
  26.16400  -59.06800   -6.15100    0.06800
  25.57600  -58.12800   -6.07800    0.05800
  26.41600  150.33500   -5.83600    0.05000
  25.52800  157.70400   -6.01700    0.05000
  25.22500  -94.72500   -7.76200    0.36500
  24.98900  -93.98300   -7.64000    0.32700
  24.95000  -93.09100   -7.42600    0.31100
  24.73100  -92.25000   -7.18500    0.27500
  25.42600  -86.70900   -6.33800    0.22300
  25.42600  -86.25100   -6.20800    0.21800
  25.36500  -75.07000   -5.72400    0.10000
  24.95000  -68.07000   -6.02300    0.05000
  24.94400  -56.96000   -5.85400    0.06100
  24.76500  -22.77900   -5.76700    0.07800
  25.18100  146.14000   -6.13600    0.07500
  25.11800  157.61100   -5.90700    0.05000
  23.63400 -108.62000   -3.49800    0.12400
  23.52600 -108.46500   -3.53400    0.11300
  24.15200  -95.56000   -7.55100    0.42300
  24.05700  -94.87900   -7.73400    0.38700
  23.97600  -94.04800   -7.60500    0.31600
  24.14100  -93.12200   -7.30700    0.27900
  24.38900  -92.30500   -7.01200    0.25200
  24.28300  -54.42500   -5.77800    0.06700
  24.00000  -53.35200   -5.64800    0.07900
  23.71400  -52.25700   -5.44900    0.07500
  24.20300  -22.93000   -5.78500    0.07100
  23.81500  -21.66000   -5.89700    0.10000
  23.69000  -21.00000   -5.83200    0.10100
  23.55700  -20.29500   -5.95300    0.12200
  23.39500 -157.55100   -4.28000    0.05700
  22.61800 -108.86300   -3.69500    0.08800
  23.23000 -108.04000   -3.42000    0.10500
  22.98900  -95.06000   -7.55000    0.38300
  23.11700  -93.88200   -7.25600    0.28900
  23.04800  -93.44000   -6.86500    0.25100
  23.34800  -50.84000   -5.25200    0.06600
  22.78300  -46.85000   -4.22800    0.10200
  22.77900  -46.47000   -4.23400    0.09200
  23.40300  -44.04700   -4.00500    0.05000
  23.20500  -43.49900   -3.85600    0.05000
  23.44700  -19.71500   -5.97300    0.13900
  23.21000  -18.93600   -6.03900    0.17700
  22.98800  -17.86200   -6.04500    0.29200
  23.37400  -17.49400   -5.83900    0.33500
  22.75200   65.38400   -5.25500    0.25500
  22.76300   65.69700   -5.42600    0.28300
  22.65000  125.25500   -5.83300    0.08700
  22.88500  157.10500   -5.54300    0.05000
  22.45500 -108.58800   -3.37700    0.09600
  22.17900 -108.08500   -3.58700    0.11100
  21.76100 -107.37000   -3.60800    0.12300
  22.45300  -95.57000   -7.16900    0.39100
  21.81600  -95.11500   -7.14700    0.37500
  22.05200  -94.17300   -6.90400    0.27900
  22.26600  -67.83800   -5.93300    0.08000
  22.24800  -67.25500   -6.08600    0.07700
  22.13700  -66.49000   -5.92400    0.06500
  22.19300   65.03200   -5.23100    0.20500
  22.42500  125.34500   -5.67400    0.06800
  21.97000  134.18500   -5.46000    0.05000
  22.33500  156.98100   -5.30300    0.05000
  21.14900  -94.82600   -6.98100    0.33700
  21.41000  133.87000   -5.59900    0.05000
  19.57900 -159.31000   -4.42500    0.05900
  20.13300   60.36500   -4.71200    0.13100
  20.00400   60.57000   -4.39400    0.09000
  19.90500   64.05500   -5.11200    0.13300
  19.87800   64.93800   -5.40000    0.14800
  19.76600   66.09500   -4.58900    0.13200
  19.50500   89.01500   -6.65100    0.43700
  19.99700  155.23500   -5.92100    0.06900
  19.09900  -18.97200   -5.44100    0.17900
  19.47900   64.91900   -5.14000    0.12700
  19.41100   65.89500   -4.52200    0.12100
  19.10600   67.99300   -4.47600    0.10000
  18.69500   68.77000   -4.35900    0.10200
  18.65400   86.81500   -5.70300    0.26100
  18.82000   88.12900   -6.61400    0.37200
  19.29000   88.75000   -6.67100    0.41800
  19.02100  119.21000   -5.72600    0.14700
  18.96100  156.21600   -6.00800    0.05000
  17.51000  -20.99200   -4.61800    0.10800
  17.51800  -20.04200   -4.78100    0.12000
  17.97700  -19.07800   -5.23200    0.15500
  17.87600   64.92400   -5.48400    0.14200
  18.03800   68.20200   -4.73600    0.10300
  18.11200   68.75800   -4.83600    0.11400
  17.92800   87.01900   -6.25300    0.29600
  17.92300   88.01400   -6.48900    0.34100
  18.06300   88.61500   -6.47400    0.35200
  17.99700  116.29700   -4.88300    0.11000
  18.02500  156.00400   -5.87500    0.05000
  16.80400  -23.60600   -4.25300    0.07700
  17.20300  -20.95000   -4.76700    0.11000
  16.63000  -20.18500   -4.74900    0.10500
  17.22000  -18.57100   -5.40900    0.16300
  17.21200  -18.17700   -5.47100    0.18600
  17.24200   64.81200   -5.71600    0.14200
  17.14300   66.64000   -5.04900    0.11000
  17.40600   68.81500   -4.61700    0.09600
  16.60600   84.01800   -6.30000    0.25700
  16.79700   86.50000   -5.88000    0.23400
  16.99100   87.08800   -6.20500    0.28500
  17.22800   87.83000   -6.40800    0.31100
  17.22500   88.94900   -6.27700    0.29400
  16.61000  115.55500   -4.49400    0.11500
  16.07400 -105.65500   -2.60400    0.05500
  16.10900 -105.26000   -2.69100    0.05500
  15.96200  -23.79500   -4.63200    0.08200
  16.30800  -19.75500   -4.94200    0.11300
  16.03800  -19.02300   -5.12800    0.13600
  16.39500  -18.31700   -5.49100    0.17900
  15.98100   41.67500   -1.76900    0.05000
  16.27200   53.95700   -3.40700    0.08700
  15.57800   83.09300   -6.28100    0.25100
  16.10100   84.10000   -6.54600    0.27300
  16.32700   84.68500   -6.45400    0.27000
  15.72900   86.38100   -6.03400    0.23100
  16.23700   86.76100   -6.13600    0.25100
  16.30000  115.70500   -4.83500    0.10600
  14.87200  -66.56000   -5.65100    0.09700
  14.66000  -66.46000   -5.72800    0.10400
  15.10500  -23.98800   -4.08700    0.08000
  15.23800   67.87500   -4.91800    0.08900
  14.62100   81.45000   -6.29900    0.24400
  14.56600   81.53500   -6.20500    0.22900
  15.01900   83.12300   -6.13400    0.22400
  14.68300   83.95000   -5.99000    0.20600
  14.83200  150.02000   -5.89100    0.06300
  15.12800  150.95500   -5.94000    0.06000
  14.01500  -67.69200   -5.95000    0.09600
  14.01500  -66.66500   -5.94700    0.12000
  14.41500  -66.34500   -5.77800    0.10800
  13.97600  -24.24200   -4.84200    0.07000
  13.97000   81.29000   -5.93800    0.20400
  13.87900   82.05100   -5.93100    0.19500
  13.76600   82.90600   -5.91500    0.19900
  14.13800   83.83000   -5.92700    0.19400
  12.63900  -19.63500   -5.76200    0.10500
  12.91500  -18.96400   -5.70300    0.11700
  13.13200  -18.44000   -5.51700    0.13000
  13.07400   81.30500   -5.63700    0.18700
  12.97300   81.83700   -5.91300    0.20200
  12.86900   83.03500   -5.84500    0.20700
  12.90900   83.53500   -5.90200    0.18400
  12.14700  -19.79700   -5.90200    0.10900
  11.58100  -19.44000   -5.95400    0.11500
  12.01400   69.37500   -4.51900    0.06600
  12.17700   69.85000   -4.45900    0.06200
  12.07800   81.22900   -5.67200    0.16700
  12.12700   82.07000   -5.93700    0.20800
  12.03800   82.82000   -5.87800    0.19600
  10.77300  -87.96000   -3.02200    0.10200
  10.88800  -19.00000   -5.82800    0.12400
  11.13600   81.35100   -5.96500    0.17400
  11.22800   81.68100   -6.07800    0.18100
  10.00300 -104.12000   -2.83000    0.05000
   9.60400  -87.54000   -3.32800    0.06700
   9.81700  -87.08900   -3.20900    0.05800
   9.50200  -86.50000   -3.41300    0.05000
   9.80600  -55.64500   -7.27300    0.27400
   9.71800  -55.36500   -6.64900    0.20900
   9.65100  -53.38000   -6.20700    0.12300
   9.62600  -52.20000   -5.96700    0.16100
  10.31300  -18.63500   -5.79800    0.14200
   9.08600 -104.80600   -2.93200    0.05000
   9.02800 -104.15600   -2.92800    0.05000
   9.26500  -86.18500   -3.39600    0.05000
   8.82100  -55.64800   -6.60200    0.25400
   8.79200  -52.58000   -5.79100    0.10700
   9.23100  -52.38000   -5.97400    0.15700
   8.55900   71.82000   -4.58600    0.11900
   8.46700 -103.98700   -2.75800    0.05000
   8.49400  -55.53500   -6.43500    0.25800
   8.36000   71.36500   -4.52600    0.08200
   8.45900   71.59000   -4.56900    0.09900
   6.93100  -84.53500   -2.99800    0.05000
   6.77000  -84.37500   -3.05900    0.05000
   6.81400  -50.77500   -6.14500    0.22900
   6.56900  -49.61100   -6.40100    0.22300
   6.76600  -13.67000   -5.28400    0.11700
   6.56100  -12.87500   -5.37300    0.15100
   6.42000  -51.08000   -5.76200    0.22500
   6.47200  -49.52000   -6.44600    0.21700
   5.93100  -49.04500   -6.27300    0.22200
   5.64400  -48.23400   -6.17100    0.22900
   5.68100  -46.23500   -5.51500    0.10500
   6.48000  -12.94000   -5.38200    0.14200
   5.71000  -12.12000   -5.51300    0.15700
   5.50900  -11.47500   -5.58200    0.19700
   5.66100   50.89500   -6.38000    0.14000
   5.25100  -48.66000   -6.16400    0.25800
   4.88900  -47.92200   -6.20700    0.26600
   4.89900  -47.12500   -5.95900    0.22800
   5.14800  -46.19700   -5.62400    0.13000
   4.50900  -45.42500   -5.32100    0.15300
   5.12700  -11.74500   -5.46900    0.14900
   4.92900  -11.01400   -5.51300    0.17800
   4.63500  -10.34700   -5.43100    0.18600
   4.80200    0.12200   -6.26400    0.21200
   4.52400    1.36000   -6.33700    0.19200
   4.52900    1.71000   -6.19200    0.17800
   4.64600    2.94000   -6.13600    0.21000
   4.86500    3.81600   -6.25800    0.32000
   4.32500  -47.84600   -6.03200    0.34200
   4.22900  -46.87500   -6.02400    0.26400
   4.07100  -45.99700   -5.82800    0.18500
   3.70200  -45.20100   -5.65000    0.14200
   4.31600  -10.97200   -5.45400    0.14300
   4.48100  -10.11500   -5.48600    0.20100
   3.56200   -8.51700   -5.01200    0.10000
   3.64900   -7.96400   -5.14000    0.11600
   3.77800   -2.87400   -5.49100    0.17800
   4.00100   -2.38000   -4.99800    0.24600
   4.16000   -0.93200   -5.90600    0.12900
   4.27700   -0.13300   -5.79300    0.16200
   4.37500    1.01400   -6.15000    0.17400
   4.12700    2.13200   -6.14100    0.18900
   3.91000    2.73200   -5.94800    0.17300
   4.02800    3.95100   -6.10900    0.26100
   3.59800   92.87500   -5.75000    0.11200
   2.70900  -94.53500   -2.52000    0.06200
   2.68900  -94.34500   -2.48600    0.05800
   3.38600  -47.70500   -6.12400    0.42200
   2.80200  -46.89500   -6.25400    0.31800
   3.04600  -45.89700   -5.77600    0.17300
   2.94700  -45.09200   -5.52600    0.13100
   2.79100  -44.47800   -5.41000    0.10900
   2.63100  -43.25500   -5.35800    0.10100
   3.48200   -8.53900   -5.00200    0.09600
   3.08800   -3.80000   -5.91100    0.11000
   3.42900   -3.27000   -6.38900    0.14100
   3.30800    2.47100   -5.82000    0.12700
   3.26800    2.80200   -5.79000    0.12700
   3.28600    3.95200   -6.10400    0.20800
   3.02400    4.76200   -5.74200    0.20300
   2.68700    5.65500   -5.40900    0.19400
   2.61800    7.21500   -4.97100    0.17800
   2.88100    8.25800   -5.06000    0.25900
   2.65400    8.67700   -5.17500    0.26800
   3.22300   93.23000   -5.96000    0.12000
   2.72200   93.70500   -6.18000    0.13700
   2.29100  -91.65500   -2.42000    0.06800
   2.25400  -91.44500   -2.44400    0.07000
   2.00700  -80.10000   -3.46700    0.05900
   2.35600  -46.75800   -6.41000    0.30300
   2.00600  -46.07800   -6.08600    0.24100
   2.14200  -44.93700   -5.63200    0.13000
   1.98000  -43.90300   -5.41700    0.10700
   2.14500  -43.36500   -5.32400    0.09900
   2.40900    5.42000   -5.42500    0.16000
   2.02900    5.79700   -5.11100    0.13700
   2.09300    6.70300   -4.77800    0.14200
   2.23000    8.41500   -4.85600    0.22200
   2.24100    8.81700   -4.78000    0.21700
   1.93400   49.40500   -6.58400    0.15700
   2.15100   94.20900   -6.35800    0.15700
   1.11400  -83.70900   -3.38600    0.05900
   1.41100  -45.76500   -6.08000    0.24900
   1.32100  -44.80100   -5.57400    0.13400
   1.25600  -43.97400   -5.40400    0.11200
   1.25900  -43.30600   -5.32600    0.11100
   1.49700    5.55000   -4.98500    0.11900
   0.83300   47.02000   -7.28000    0.23400
  -0.34600  -42.60000   -5.59700    0.16100
   0.02600  -42.28500   -5.69700    0.14100
  -0.20100  -41.31800   -5.64200    0.13800
  -0.33500  -40.42000   -5.25300    0.11300
  -0.41100  -38.26000   -5.02500    0.08200
  -0.38800   44.12000   -6.43000    0.24500
   0.09900   44.72000   -6.11400    0.20300
  -1.39400  -81.88000   -3.06700    0.15100
  -1.16600  -41.92000   -5.84300    0.21300
  -1.06700  -40.90000   -5.40300    0.15300
  -0.83000  -38.56500   -5.37500    0.09900
  -0.62400  -38.41500   -5.14700    0.08800
  -0.97400   44.15000   -6.17400    0.20600
  -1.01800   44.93900   -6.09700    0.16000
  -1.35600   45.50000   -5.79900    0.11600
  -1.70500  -42.21500   -5.96000    0.28600
  -1.53300  -41.20500   -5.44200    0.18400
  -2.25600   43.14600   -6.14400    0.20600
  -1.50600   44.02000   -6.10200    0.18100
  -2.32500   44.83100   -5.94400    0.13900
  -2.14100   56.92500   -4.37900    0.06300
  -2.61900  -81.75000   -3.69000    0.05000
  -2.89700  -35.91500   -5.33300    0.14500
  -3.32000  -35.27200   -5.06500    0.11100
  -3.28200  -34.40000   -5.47900    0.12500
  -3.48100    8.08200   -5.54900    0.11400
  -3.14600   42.85100   -5.95100    0.18800
  -3.28000   43.85600   -5.92300    0.15800
  -2.54100   44.92500   -5.95600    0.13500
  -3.09300   56.32500   -4.41800    0.07500
  -2.98400   56.73000   -4.41500    0.07600
  -4.28000 -105.88200   -3.20400    0.05000
  -4.13600 -102.96200   -3.16600    0.05000
  -4.49300  -11.82000   -2.50600    0.05000
  -3.92800    8.28500   -5.69900    0.13200
  -4.14800    8.54000   -5.77300    0.14400
  -4.44900   42.25000   -5.61700    0.15700
  -3.58100   42.58000   -5.90100    0.19000
  -3.60100   44.03500   -5.96800    0.14600
  -3.58000   56.48000   -4.32900    0.08300
  -3.51700   56.52000   -4.37100    0.08200
  -3.51000   79.82000   -6.10200    0.08600
  -4.82900 -105.99900   -3.10900    0.05000
  -4.50700  -34.59500   -5.10400    0.10700
  -4.85200  -12.55000   -2.66100    0.05000
  -4.93400  -11.95500   -2.36200    0.05000
  -4.73800    9.07500   -5.87000    0.17300
  -5.33900   42.24800   -5.23500    0.13600
  -4.82800   43.11900   -5.95400    0.15100
  -4.83100   43.64300   -5.81700    0.13100
  -6.40200 -138.14000   -4.15300    0.05500
  -5.63300  -34.53000   -5.53300    0.14700
  -5.59800  -34.32300   -5.42700    0.12000
  -5.52600  -11.62600   -2.24800    0.05000
  -6.27000    9.13400   -6.11700    0.19100
  -6.00000   42.19800   -5.28200    0.14100
  -5.50000   79.91000   -5.93100    0.07900
  -7.21100 -137.56000   -4.11900    0.05600
  -7.36500 -137.45000   -4.14900    0.05700
  -7.06600  -33.75000   -5.54500    0.12300
  -6.91500  -33.08900   -5.54300    0.09500
  -7.13300  -32.20400   -5.72600    0.09200
  -6.96900    9.25700   -6.10100    0.17100
  -7.11300   10.03800   -6.06800    0.18400
  -6.65700   42.14900   -5.50400    0.17000
  -7.38200   43.31000   -5.56400    0.11700
  -7.40400  101.40500   -6.23500    0.09500
  -7.08600  101.74000   -6.33000    0.11700
  -8.34100 -138.25000   -3.93600    0.05000
  -7.82600 -137.12000   -4.13800    0.05600
  -7.72100  -32.85300   -5.83900    0.09800
  -8.18900  -32.16500   -6.10800    0.09700
  -8.15100  -14.68500   -3.25500    0.05000
  -7.81400  -14.17500   -2.82100    0.05000
  -8.28700  -13.16300   -2.07300    0.05000
  -7.64600    9.20000   -5.93200    0.12000
  -8.05400   10.29300   -5.80100    0.13900
  -8.29600   10.51000   -5.66500    0.13400
  -8.24900   42.97000   -5.69300    0.14000
  -8.31600  103.75500   -6.41400    0.06300
  -8.69800 -138.67000   -4.18400    0.05000
  -8.52800 -138.47000   -4.05600    0.05000
  -8.68800  -81.63500   -4.29200    0.07500
  -8.60700  -81.43500   -4.75800    0.05500
  -9.31500  -33.69200   -5.46700    0.09400
  -9.09400  -32.67600   -5.77400    0.09200
  -8.86400  -32.19000   -5.96200    0.09300
  -8.75800  -13.51500   -2.41100    0.05000
  -8.74600  -13.13700   -2.16200    0.05000
  -8.97700   10.44800   -5.43100    0.11200
  -8.95100   10.53700   -5.42500    0.11200
  -9.24700   42.05800   -4.92800    0.14300
  -8.58300  103.56000   -6.36100    0.06900
 -10.37800 -140.65000   -4.09900    0.05000
 -10.03400 -140.24500   -4.36000    0.05000
 -10.43500  -35.04600   -5.50100    0.13000
 -10.42100  -34.11500   -5.56500    0.09600
  -9.56400  -33.33500   -5.61600    0.08900
  -9.50000   10.50000   -5.20300    0.09600
  -9.94500   10.74400   -4.80000    0.09200
  -9.72600   42.06800   -4.82200    0.14700
  -9.75300  106.03000   -5.88900    0.05000
 -10.07800  153.02500   -3.25700    0.06800
 -10.12600  153.85200   -3.07000    0.05700
 -10.52200 -140.82000   -3.98600    0.05000
 -11.28600  -35.69000   -5.65100    0.16600
 -10.85000  -35.05500   -5.43900    0.12300
 -10.84400  -34.35900   -5.43500    0.09300
 -11.25900   11.32400   -4.52700    0.09200
 -11.47000   11.57000   -4.54900    0.09800
 -11.08200   42.67300   -4.77000    0.13600
 -11.42300  118.88900   -5.47100    0.06000
 -12.29900 -142.95500   -4.77200    0.05600
 -11.60900 -142.12300   -4.58300    0.06200
 -11.91100  -79.71500   -4.85800    0.05000
 -12.19300  -36.69400   -5.16300    0.13800
 -12.01300  -36.05200   -5.48000    0.12700
 -12.21200  -35.49000   -5.44200    0.10000
 -11.52300   11.36900   -4.54000    0.08900
 -11.52000   11.69000   -4.68900    0.11000
 -11.85600   42.35600   -4.86200    0.15300
 -11.67700   42.55500   -4.68000    0.14900
 -12.18900   50.03300   -4.14000    0.08800
 -11.78800  115.97500   -5.66400    0.05000
 -11.68600  118.87300   -5.48200    0.06400
 -13.23900  -37.54100   -5.14400    0.13000
 -13.02400  -37.15800   -5.34500    0.12900
 -12.63000  -36.15100   -5.49300    0.10800
 -12.61600   11.33600   -4.62000    0.11500
 -12.77000   11.63600   -4.57400    0.13500
 -12.89800   41.89200   -5.01900    0.16100
 -12.73900   42.63500   -5.56800    0.15600
 -13.21800   44.25200   -5.61900    0.15200
 -13.38600   44.56500   -5.71900    0.15700
 -12.69900   46.09300   -5.32100    0.13300
 -13.20400   46.67000   -5.46800    0.14800
 -13.24500  119.13900   -5.68800    0.08600
 -13.95800 -145.80500   -4.69100    0.06300
 -13.77400 -145.42000   -4.59800    0.06200
 -13.83200  -78.16500   -4.81400    0.05000
 -14.19200  -37.88500   -5.27000    0.13500
 -13.66400  -37.18500   -5.41700    0.12000
 -14.04100   11.07800   -4.74200    0.11100
 -13.53800   43.13600   -5.50000    0.14700
 -13.64600   44.17700   -5.73100    0.15600
 -13.88300   45.07400   -5.75400    0.16000
 -13.84100   45.73300   -5.88800    0.17600
 -13.90600  111.98400   -5.97900    0.09500
 -15.45200 -149.25000   -4.31200    0.05800
 -15.37900  -77.07200   -4.56500    0.14300
 -15.31100  -37.72500   -5.52500    0.14000
 -15.24900  -37.25500   -5.52200    0.13000
 -14.75500   11.13100   -5.14300    0.16200
 -14.64800   11.50000   -5.07000    0.17200
 -14.52900   44.28500   -5.77600    0.16400
 -15.36100  111.36500   -6.01700    0.09500
 -15.35000  111.77000   -6.02000    0.09800
 -15.34500  113.08000   -5.99000    0.08300
 -15.45700  114.81900   -6.18300    0.07700
 -14.75100  118.48500   -6.42800    0.09800
 -14.79400  118.56000   -6.31600    0.09900
 -16.07300 -149.55000   -4.30400    0.05900
 -16.02400 -114.53500   -2.95600    0.05000
 -15.94700 -114.00000   -2.88600    0.05000
 -15.80100 -112.97400   -2.85600    0.05000
 -15.66100 -112.00000   -3.01700    0.05000
 -15.58800 -111.48500   -3.11100    0.05000
 -15.71400  -76.79400   -4.52400    0.16500
 -16.04700  -76.35500   -4.43900    0.11800
 -16.26600   10.44000   -5.49900    0.14800
 -15.96100   10.75800   -5.31500    0.16200
 -16.19200  110.37000   -6.03900    0.07600
 -16.31700  110.56500   -5.94700    0.06900
 -16.07500  112.07700   -5.89700    0.13500
 -15.63100  114.89200   -6.09200    0.07300
 -15.93900  117.46400   -6.24700    0.07500
 -16.01200  117.64900   -6.24800    0.07600
 -17.47300 -114.72500   -2.87500    0.05000
 -17.39100 -114.06500   -2.73600    0.05000
 -17.23100 -112.77500   -2.81700    0.05000
 -17.17500 -112.32500   -2.86500    0.05000
 -16.84400   10.21600   -5.50400    0.16100
 -16.82400   10.62900   -5.45300    0.18400
 -17.18000   40.12500   -5.39200    0.25100
 -16.98000   41.00300   -5.36300    0.21400
 -17.02500   86.19000   -4.78700    0.05000
 -17.02500   89.48500   -5.14300    0.05000
 -17.02500   90.00000   -4.92900    0.05000
 -17.02500   90.79500   -4.89200    0.05000
 -17.42400  109.21500   -5.89100    0.07700
 -17.33300  109.88700   -5.97200    0.08400
 -17.00000  111.07100   -5.91800    0.10300
 -16.93300  111.81800   -5.77800    0.12300
 -17.56900 -115.50500   -2.99500    0.05000
 -17.53400 -115.22000   -2.85700    0.05000
 -17.94900    9.21000   -5.30400    0.13200
 -18.12100    9.95400   -5.42200    0.12700
 -18.09500   38.47000   -5.95600    0.28800
 -18.33600   38.59000   -6.05000    0.28800
 -18.07700   39.79000   -5.91200    0.25900
 -18.18700   40.64500   -5.22300    0.21500
 -17.80600  109.34400   -5.82700    0.07300
 -17.95500  109.97800   -5.75300    0.09400
 -17.82200  110.93000   -5.68300    0.12600
 -17.64500  112.01500   -5.84600    0.12000
 -18.88500  -37.31000   -5.00400    0.11700
 -18.61500   10.21000   -5.07800    0.11900
 -18.99000   38.91500   -6.01200    0.26200
 -19.00400   40.07000   -5.91400    0.24600
 -18.97200  108.47000   -5.83500    0.07300
 -18.89300  108.97300   -5.81300    0.08800
 -18.78400  109.60500   -5.77400    0.12000
 -20.26500    5.11500   -5.45100    0.05000
 -19.69800   40.41000   -5.47600    0.21700
 -20.19800   40.65500   -5.22000    0.20500
 -19.62200  108.37500   -5.79200    0.09000
 -19.72300  108.90000   -5.56200    0.10400
 -20.19300  109.76000   -5.66300    0.08200
 -21.37200  -38.32600   -5.13900    0.10800
 -20.57300   54.41000   -4.20000    0.05000
 -20.98700  106.48500   -5.65000    0.06600
 -21.24400  106.72500   -5.64700    0.07400
 -21.34100  111.02600   -5.82900    0.09200
 -22.26800 -176.74900   -2.35500    0.05000
 -22.16800 -176.43500   -2.28900    0.05000
 -21.94100  -38.25300   -4.96800    0.11100
 -21.71200    8.40500   -5.05700    0.07300
 -21.86600    8.75500   -5.00100    0.06200
 -21.71200   37.32800   -5.26700    0.15500
 -22.05200   56.15000   -3.94300    0.05000
 -22.45900  110.41100   -6.02000    0.08900
 -21.99300  110.98900   -5.89900    0.08700
 -21.97300  111.74000   -5.89100    0.08900
 -22.50300 -176.51000   -2.35600    0.05000
 -22.51400 -176.48000   -2.26600    0.05000
 -23.41900  -71.58000   -4.62500    0.05000
 -23.11700  -38.03900   -5.13800    0.12200
 -22.91300  -37.35000   -5.11700    0.10500
 -23.12600   37.04800   -4.79000    0.14600
 -22.96700   37.79600   -4.83500    0.12100
 -22.70400  110.29500   -5.97900    0.08700
 -22.77700  110.93200   -5.96300    0.09200
 -24.20400  -38.81100   -5.18300    0.12600
 -23.71600  -37.84900   -5.26100    0.12800
 -24.14800   11.41500   -5.60900    0.13300
 -23.85800   11.71500   -5.34800    0.14500
 -23.75400   37.14700   -4.60400    0.13800
 -23.86600   37.57500   -4.66000    0.13100
 -23.72600  106.43000   -5.61200    0.07000
 -23.74800  106.51500   -5.55100    0.06800
 -25.00500  -38.72700   -5.20500    0.11900
 -24.77900  -38.32900   -5.45200    0.12300
 -25.01000   -2.14000   -4.92900    0.05900
 -25.03900   11.38500   -5.61900    0.10500
 -24.83200   11.70500   -5.45000    0.11500
 -24.68400  106.70000   -5.61700    0.06100
 -24.98300  165.34000   -4.96500    0.11300
 -24.70000  165.78000   -5.01300    0.11700
 -26.39800 -173.87000   -5.10800    0.05500
 -25.59800  -39.51500   -5.76900    0.16100
 -25.75600  -39.13300   -5.47600    0.11600
 -26.42500  166.13000   -4.83300    0.11400
 -26.37900  166.53500   -4.80500    0.11600
 -26.75500 -173.97500   -5.31500    0.05800
 -27.11300 -139.98500   -4.28000    0.05900
 -27.33200   65.95000   -2.89200    0.05000
 -28.30000 -174.43000   -5.54100    0.06200
 -28.25600 -145.22000   -4.37200    0.05600
 -28.44700  -46.28000   -5.73500    0.23000
 -28.12000  -29.93700   -4.71600    0.06200
 -27.59300   65.46500   -2.98600    0.05000
 -27.65400   65.99500   -3.48900    0.05000
 -27.54100   66.57500   -2.96500    0.05400
 -28.67400 -174.54000   -5.53700    0.05800
 -28.52100 -174.49500   -5.56900    0.06000
 -28.77900 -145.47500   -4.09100    0.05600
 -29.45700 -140.57500   -4.31200    0.06700
 -29.15400 -140.40000   -4.18600    0.07400
 -29.35700  -46.74500   -5.65600    0.31000
 -29.00100  -46.01700   -5.75300    0.23400
 -29.38200  -45.43000   -5.76800    0.16600
 -29.00600  -40.77100   -5.14500    0.11400
 -28.92000   12.39500   -4.65000    0.13700
 -29.19300   13.06700   -4.80600    0.13600
 -29.29200  112.43500   -5.46500    0.06800
 -29.29000  156.46000   -5.60400    0.11600
 -29.11400  156.89400   -5.33900    0.11400
 -29.92300 -140.84500   -4.39900    0.06600
 -29.74900  -46.08400   -5.71600    0.25700
 -30.20100  -45.25100   -5.58200    0.17400
 -29.66800   13.24200   -4.86700    0.14500
 -30.22800   13.64400   -4.86200    0.15500
 -30.28500   48.21000   -4.99800    0.09700
 -30.49200   48.99000   -5.17200    0.08700
 -30.38200  113.43000   -5.51400    0.07800
 -29.66600  154.42100   -5.44600    0.08600
 -29.66600  154.87900   -5.36500    0.08600
 -30.56800 -141.21800   -4.42600    0.06100
 -31.00000  -73.19000   -4.29000    0.05000
 -31.21800  -46.52000   -5.65600    0.15900
 -31.26600  -46.43500   -5.50900    0.14300
 -30.55400  -44.58000   -5.73900    0.18700
 -30.86000  -44.00000   -5.54000    0.17200
 -31.29200  -43.15600   -5.69700    0.15300
 -30.51000   49.06000   -5.10300    0.07700
 -31.03900  113.73500   -5.31000    0.07300
 -32.34400  -74.22100   -4.29800    0.05000
 -32.08500  -73.25500   -4.11900    0.05000
 -32.18500  -48.55000   -6.31300    0.25600
 -31.98100  -47.99700   -6.14900    0.22300
 -32.15700  -47.03500   -5.99900    0.17700
 -32.15400  -45.99400   -5.86500    0.14700
 -31.55400  -42.62000   -5.35700    0.11900
 -31.91400  -41.88000   -5.30500    0.11200
 -32.25800  -41.17500   -5.44400    0.10500
 -32.23900   14.73000   -4.93200    0.14500
 -32.46100   57.27800   -2.60100    0.05000
 -31.84700  169.17400   -4.48300    0.07500
 -32.88200  -74.01400   -4.06800    0.05000
 -32.90300  -73.32300   -4.17900    0.05000
 -33.25400  -48.90500   -6.41000    0.27100
 -32.82500  -47.90100   -6.29500    0.21000
 -33.06500  -46.92500   -6.06300    0.17000
 -32.72000  -46.03400   -5.99900    0.14900
 -33.16000  -45.16200   -5.93700    0.13400
 -32.91000  -37.15000   -5.13500    0.07900
 -32.74400   57.07600   -2.94000    0.05000
 -32.73600   57.70000   -3.11300    0.05000
 -32.75900  111.33200   -5.44300    0.09100
 -34.18100  -74.25500   -3.90700    0.05000
 -34.03900  -49.83000   -6.52100    0.28400
 -34.36800  -49.27500   -6.35800    0.21500
 -33.89200  -47.88000   -6.24200    0.17400
 -34.05100  -47.05800   -6.22200    0.14100
 -34.42800  -46.28700   -6.14400    0.11900
 -33.81300  -43.88500   -5.79800    0.11300
 -34.27200  -42.97900   -5.71700    0.10200
 -35.12700  -50.79400   -6.47400    0.24900
 -35.27100  -50.14000   -6.37000    0.18800
 -34.54000  -48.98500   -6.26600    0.17800
 -34.57100  -48.19000   -6.39400    0.14500
 -34.63500  -45.80500   -6.13300    0.10800
 -34.86300  -45.27500   -6.02700    0.10100
 -34.50800  -42.51500   -5.96000    0.10200
 -34.61700  -42.30000   -5.80000    0.09700
 -35.36600  158.45000   -5.58800    0.08000
 -34.94700  159.11500   -5.60800    0.08200
 -35.48400  159.63500   -5.48700    0.08300
 -36.14200  -51.57500   -6.17700    0.20900
 -36.05500  -50.92700   -6.40600    0.19700
 -35.87500  -50.17400   -6.32000    0.16100
 -36.00000  -48.99200   -6.29400    0.12600
 -36.40200  -48.34000   -6.29800    0.11300
 -36.44100   23.81500   -5.13500    0.09200
 -36.00500   25.18000   -5.65700    0.11400
 -35.72700  110.03700   -5.80800    0.07100
 -36.28100  129.18300   -6.04900    0.07900
 -35.57100  158.12500   -5.33000    0.08300
 -35.53800  159.48000   -5.46600    0.08700
 -35.94000  159.76700   -5.55600    0.07900
 -37.46700  -76.92000   -4.29900    0.05000
 -37.05100  -51.78400   -6.49700    0.18600
 -36.86100  -51.17700   -6.45800    0.16600
 -36.98600  -50.39500   -6.46100    0.14200
 -36.70800  -47.83500   -6.11500    0.09900
 -37.04000  -47.28600   -6.17400    0.09700
 -36.81200   24.03000   -5.31600    0.06800
 -36.85800   25.40500   -5.67200    0.15400
 -37.35700   25.53700   -5.45900    0.21200
 -36.93700  123.72300   -5.80000    0.06700
 -36.60900  129.40500   -6.06300    0.07300
 -36.92300  129.61800   -6.11700    0.07400
 -37.20100  135.56000   -6.25100    0.09000
 -36.70500  159.29500   -5.50200    0.07800
 -37.49400  160.49000   -5.33900    0.07300
 -37.25800  160.93500   -5.46000    0.07600
 -37.52800  -76.63500   -4.36800    0.05000
 -37.66400  -76.00000   -4.36000    0.05000
 -37.80500  -75.34500   -4.52700    0.05000
 -37.99900  -52.76000   -6.39600    0.16100
 -37.59700  -52.02100   -6.36900    0.16200
 -38.00000   25.70700   -5.81700    0.23400
 -37.69300   50.32000   -2.51900    0.05000
 -37.66400   50.57500   -2.33600    0.05000
 -37.81800  137.15000   -5.73800    0.08000
 -37.60000  160.29000   -5.32800    0.07200
 -38.33800  161.17000   -5.37200    0.07800
 -38.00900  161.82000   -5.38400    0.07900
 -39.00100   25.97100   -5.65000    0.25400
 -39.27300  139.29200   -5.59500    0.07000
 -39.21500  150.21300   -5.75700    0.10700
 -39.22500  150.87400   -5.79000    0.10000
 -38.50500  160.84000   -5.27900    0.07300
 -39.83500  -53.57000   -6.20100    0.10800
 -39.80600  -53.12300   -6.33300    0.10800
 -39.70800   26.15900   -5.43600    0.26000
 -39.61600  139.27400   -5.58600    0.07100
 -40.15800  150.02400   -5.44300    0.10100
 -41.10300  -54.78400   -6.47500    0.11500
 -41.13500  -54.36800   -6.44600    0.12000
 -41.07700  128.33900   -4.88300    0.05400
 -41.29700  129.98200   -5.02700    0.06100
 -41.44300  131.06800   -5.12100    0.05700
 -40.89400  141.04000   -5.74300    0.07800
 -41.17300  150.12500   -5.55100    0.10300
 -41.43400  150.63000   -5.55600    0.09300
 -42.27900  -55.94000   -6.58600    0.10500
 -41.65000  -55.21500   -6.58600    0.14100
 -41.59200  132.17500   -4.90500    0.05400
 -41.69800  132.96400   -4.87100    0.05500
 -41.68800  150.02500   -5.54800    0.10200
 -41.50600  150.77000   -5.43300    0.08600
 -43.11500  -77.96000   -3.36100    0.05000
 -43.00500  -77.00000   -3.46800    0.05000
 -42.93300  -76.37000   -3.63500    0.05600
 -42.95600  -55.03500   -6.62100    0.13800
 -43.74200  -56.83000   -6.47200    0.13700
 -43.50000  -56.44500   -6.32100    0.10100
 -44.89400  -77.79500   -2.53900    0.05000
 -44.73300  -77.00000   -2.88300    0.05000
 -44.61000  -76.39000   -3.15000    0.05300
 -46.43800  -57.78500   -6.28100    0.21000
 -46.78600  -57.75100   -6.17200    0.19400
 -46.97100  -57.10500   -6.09700    0.16000
 -46.99600  -56.08500   -6.40100    0.11900
 -47.40900  100.39000   -2.75100    0.05000
 -47.48300  100.54000   -2.69700    0.05000
 -47.59800  -77.52000   -3.75600    0.06800
 -47.56400  -77.19000   -3.83600    0.06500
 -47.52300  -57.10000   -5.88400    0.17500
 -47.68200  101.07200   -2.84000    0.05000
 -47.86300  101.84600   -2.84900    0.05000
 -48.23600  127.00000   -3.42900    0.05200
 -48.30900  127.58500   -4.06900    0.05000
 -49.44800  109.22500   -3.06200    0.05000
 -48.76300  126.95500   -3.97500    0.05000
 -49.32800  151.96500   -4.71100    0.07200
 -49.51600  109.44500   -3.17600    0.05000
 -49.64500  109.86500   -3.12700    0.05000
 -49.84500  114.44500   -4.01100    0.05000
 -49.96000  114.97500   -3.95200    0.05000
 -50.04500  133.17000   -3.32400    0.05000
 -50.07700  133.65000   -3.29800    0.05000
 -50.12300  151.24300   -4.71600    0.07600
 -49.57100  151.74500   -4.76200    0.07100
 -51.78600  151.21600   -4.31800    0.06900
 -52.75200  151.84000   -4.04600    0.06000
 -53.95700  153.82600   -4.33100    0.06200
 -55.01200  153.91800   -3.89300    0.05700
 -56.23200  -57.84500   -4.22300    0.09200
 -56.35400  -57.28000   -3.73800    0.09800
 -55.72500  153.98000   -3.84700    0.06000
 -56.63100  -56.00500   -4.01600    0.12700
 -59.90200  -54.74000   -4.23500    0.08100
 -60.46000   92.71500   -6.33000    0.13800
 -61.46600   40.02200   -5.79000    0.07500
 -61.25700   89.40000   -5.62200    0.11100
 -61.32000   89.78000   -5.58900    0.11400
 -60.81900   91.16600   -5.76200    0.11100
 -61.29900   92.23000   -5.91900    0.12400
 -61.03300   92.73200   -5.94600    0.12400
 -61.07300  100.75100   -5.82600    0.10200
 -61.27600  117.47000   -5.58100    0.09900
 -61.09400  132.53700   -5.90500    0.10200
 -61.88300  -64.06800   -3.80100    0.05900
 -62.41800   61.66000   -5.60600    0.09600
 -62.33000   63.70900   -5.51200    0.09700
 -62.31000   65.58500   -5.71700    0.10500
 -62.26100   67.21500   -5.64600    0.10300
 -62.27900   68.71000   -5.52700    0.10400
 -62.06000   70.50500   -5.55300    0.11600
 -62.48300   72.11100   -5.85300    0.14100
 -61.91700   90.44000   -5.59200    0.11800
 -61.70700   91.03000   -5.74800    0.12000
 -61.68700   92.00000   -5.88500    0.12400
 -61.75500   92.88000   -5.86400    0.12400
 -62.29700   93.83500   -5.87800    0.14500
 -62.39800   97.33800   -5.79700    0.13300
 -61.87100  100.69800   -5.99000    0.11500
 -61.67500  140.06000   -5.22400    0.08500
 -62.26900  151.09000   -3.89300    0.06300
 -63.48600  -66.39000   -3.87300    0.07900
 -62.93400   28.46400   -6.47100    0.11200
 -63.48600   60.37500   -5.53500    0.08800
 -63.00100   62.05500   -5.63100    0.10000
 -63.00700   63.74100   -5.60100    0.10700
 -63.00000   65.53500   -5.70800    0.11000
 -63.00400   67.26000   -5.69100    0.11100
 -63.00300   68.72500   -5.66800    0.12000
 -62.99200   70.53400   -5.63400    0.12300
 -63.01700   72.13900   -5.77600    0.13400
 -63.43400   73.94200   -5.76500    0.13600
 -63.10800   75.76800   -5.56000    0.13100
 -62.86100   91.23000   -5.71400    0.13100
 -63.22000   91.53000   -5.68000    0.13900
 -62.55400   97.34600   -5.71100    0.13300
 -64.09200  -97.98700   -5.34900    0.06800
 -64.41500  -70.09000   -4.18100    0.08600
 -63.52400  -66.32000   -3.83600    0.07800
 -63.92000  -46.41800   -4.83200    0.07500
 -63.53000   60.42500   -5.59700    0.09100
 -63.65400   60.56500   -5.67800    0.09400
 -63.58400   62.45000   -5.77300    0.12100
 -63.68000   62.51500   -5.79500    0.13200
 -63.58900   63.76900   -5.78700    0.12100
 -63.67600   65.48700   -5.77700    0.13000
 -63.73800   67.30300   -5.69600    0.13000
 -63.70300   68.74100   -5.51500    0.13800
 -63.61300   70.55300   -5.56900    0.13500
 -63.72500   72.17500   -5.67600    0.13900
 -63.58000   75.73500   -5.55300    0.12900
 -64.33000  153.87000   -4.42200    0.08500
 -64.85700  -97.98200   -5.44900    0.06800
 -65.10000  -73.98500   -4.28900    0.07000
 -64.98500  -73.19300   -4.33100    0.07300
 -65.16600  -72.00000   -4.32600    0.07900
 -65.40800  -71.18000   -4.34900    0.08900
 -64.91000   25.50000   -5.93300    0.11800
 -64.54600  153.59000   -4.19100    0.07500
 -66.39900 -129.37500   -4.92300    0.06300
 -66.28100  -72.82500   -4.57900    0.09500
 -65.94700  -72.09900   -4.18500    0.09300
 -65.51500  -70.81500   -4.33900    0.09500
 -66.35000   25.58000   -6.15300    0.16700
 -67.07000   -4.95500   -5.32700    0.07200
 -67.01100    6.01500   -5.44800    0.10600
 -67.63800    6.03500   -5.18200    0.07800
 -69.08400  -40.96500   -6.07600    0.15100
 -68.78500  -40.47500   -6.20900    0.13600
  86.55000   42.08000   -3.45900    0.06000
  86.73000   48.75000   -3.89800    0.06700
  86.93000   63.64000   -4.29500    0.05700
  85.50000   15.29000   -4.22700    0.07300
  85.79000   20.00000   -3.93400    0.08300
  85.93000   23.33000   -3.76700    0.08000
  86.13000   35.00000   -3.36400    0.07000
  86.32500   37.86000   -3.75600    0.07100
  84.98000    9.17000   -3.15300    0.09000
  83.57000   -3.41000   -3.31900    0.07300
  84.26000    1.37000   -3.36500    0.05000
  78.69400    2.19400   -3.20000    0.08200
  78.86000    3.89300   -3.42100    0.11900
  76.65800    6.35500   -2.04600    0.08300
  76.91500    8.66000   -2.03300    0.09600
  75.52100   -6.81500   -4.12700    0.08600
  74.66000  -75.79000   -4.73300    0.31600
  75.15800   -8.69100   -4.06900    0.08900
  75.44700   -7.21000   -4.13500    0.08600
  75.40500   14.51500   -3.80500    0.24900
  74.30600  -74.53500   -5.28300    0.35900
  74.22700  -68.71000   -4.44000    0.21500
  73.92200  -12.67000   -3.81100    0.10400
  74.30300  -11.72500   -3.83700    0.08900
  73.07800 -132.60000   -7.76300    0.43600
  73.04000 -131.76300   -7.80900    0.46400
  73.32400  -64.88000   -4.13300    0.16700
  73.20100  -14.40400   -3.54300    0.09900
  72.52900    3.48800   -1.97000    0.05000
  71.71900 -143.23500   -7.56400    0.38200
  71.89800 -134.13000   -7.78100    0.53200
  72.22300  -14.95500   -2.90000    0.10000
  72.27000    2.29700   -2.14100    0.07800
  72.00700    3.57200   -2.41400    0.07500
  70.96200  -61.37500   -4.16300    0.15700
  70.68600  -17.64500   -2.79200    0.09600
  71.00000  -17.31000   -2.58300    0.09100
  71.36300    4.33000   -3.26100    0.09400
  70.34200  -61.71500   -4.27100    0.15000
  70.08000  -19.37000   -2.80500    0.16700
  70.08500  -16.24500   -1.96100    0.06000
  70.24100    7.04600   -4.03300    0.09800
  70.05900    8.02500   -4.01700    0.10800
