  69.61300  -62.11500   -0.26300    0.17600
  69.87100  -15.83300    1.56800    0.05000
  69.81000  -15.04300    1.53600    0.05000
  69.70100  -14.03000    1.69600    0.05000
  69.56400  -13.00000    1.67200    0.05000
  69.50300  -12.48000    1.73200    0.05000
  69.51600  -10.33000    1.73400    0.05300
  69.99700    7.48500    0.47700    0.10400
  69.79900    8.00700    0.58800    0.10100
  69.50600    8.52000    0.54700    0.08000
  69.92900   10.31500    0.33600    0.10200
  69.67700   10.97500    0.35900    0.10300
  68.99000  -62.78700    0.42300    0.16900
  68.91400  -62.08400    0.29300    0.17400
  68.59500  -61.12000    0.43100    0.17000
  69.46200  -15.66500    1.49600    0.05000
  69.44300  -11.97500    1.61200    0.05000
  69.28000  -10.99500    1.55800    0.06100
  69.37700  -10.42500    1.64800    0.06100
  69.31100    7.09000    0.84600    0.07200
  69.27100    9.01500    0.32300    0.10400
  68.99600    9.59500    0.26800    0.11200
  69.48900   11.47000    0.40500    0.10200
  69.35500   11.82000    0.42200    0.10400
  68.46900  -60.62500    0.56300    0.17500
  68.30900  -60.00000    0.92100    0.19800
  68.15400  -59.39000    1.31300    0.18900
  67.82000  -18.11600    1.61600    0.05000
  67.71400    0.98000    1.15400    0.09100
  66.81300  -18.52500    1.57300    0.07900
  67.18300  -18.37500    1.78000    0.06100
  65.50900  -33.59500    0.42100    0.36300
  66.20600   -3.70000    0.45400    0.10000
  65.97100   -3.00000    0.83200    0.10000
  65.65200   -2.05000    0.91900    0.10400
  65.91000    1.07500    1.22900    0.08100
  65.57000    1.61000    1.20200    0.09100
  65.48400  -33.53500    0.40100    0.36300
  65.26100  -33.00000    0.42500    0.29000
  64.84400  -32.00000    0.83000    0.13700
  64.56600  -31.33500    1.23900    0.06400
  65.48200   -1.54500    1.02700    0.10100
  65.29900   -1.00000    0.91100    0.11000
  64.96300    0.00000    1.11200    0.09000
  64.68900    0.81500    0.86800    0.10400
  65.25000    2.11500    1.31300    0.07500
  64.91900    2.63400    1.96400    0.05000
  64.43100  -31.01000    0.99500    0.06700
  63.54800  -23.60500    1.46300    0.10600
  63.74900   -4.93600    0.57200    0.13600
  63.01900  -38.66500    0.65000    0.22200
  62.78000  -37.93300    0.67300    0.19300
  62.57800  -37.26100    0.92300    0.16000
  63.04000  -24.64000    1.65800    0.07800
  63.21900  -23.99800    1.69600    0.08400
  63.27500   -4.93400    0.63600    0.17500
  62.40800  -36.78200    0.81500    0.14300
  62.22000  -36.15700    0.86500    0.11400
  61.73700  -26.75000    1.51100    0.05000
  61.52900  -26.12000    1.48600    0.05000
  60.79400  -57.21500    0.44700    0.09700
  61.45100  -26.23300    1.63600    0.05000
  59.90300  -59.72000    0.11700    0.18200
  59.60400  -59.08200    0.25200    0.15600
  60.22700  -57.87000    0.31700    0.13100
  59.52400  -56.87500    0.14200    0.13000
  59.88300  -51.79000    0.81300    0.08100
  60.04600  -51.20500    0.99200    0.08300
  59.78500  -20.90500    1.05500    0.08700
  59.54700  -20.41000    0.89300    0.11800
  59.86400  177.18100   -0.61100    0.14500
  59.39500  -59.07900    0.13900    0.18500
  59.14700  -57.59500    0.50400    0.11000
  59.34300  -57.22100    0.36300    0.12600
  58.96800  -51.72000    0.65800    0.11300
  59.09900  -42.65500    0.36900    0.20300
  58.92700  -42.00000    0.34600    0.14100
  58.66400  -41.00000    0.51600    0.10700
  58.51600  -40.44000    0.52200    0.09700
  59.44800  -20.20500    0.66800    0.13700
  58.99900  177.19000   -0.49700    0.15600
  57.92300 -178.25200   -0.68900    0.16100
  57.62000 -176.98100   -0.68700    0.16700
  57.77300  -55.97100    0.24600    0.14300
  57.62900  -55.41000    0.30600    0.12400
  57.75400  -53.96500    0.79900    0.11100
  58.17500  -53.18500    0.09000    0.13600
  58.47200  -40.27000    0.38300    0.09800
  57.75300  -32.73700    1.06900    0.05000
  57.60700  -32.23000    1.45400    0.05000
  57.99800  177.20100   -0.77800    0.13200
  57.29800  -55.79300    0.47100    0.13500
  57.09000  -54.96700    0.80800    0.11600
  57.02100  -54.21300    0.90000    0.11500
  57.22900  -24.82300    1.20900    0.06400
  56.94400  -24.07000    1.04100    0.08100
  56.91800  -23.30500    1.11600    0.05900
  57.42000  177.20700   -0.80300    0.12400
  56.29900  -53.74500    0.36500    0.11500
  55.86700  -53.25500    0.36500    0.12100
  56.49100  -23.84500    0.91200    0.11700
  53.91000 -155.72500   -0.33600    0.05900
  52.54200 -163.58500   -0.61700    0.05000
  53.06600 -159.74500   -0.35700    0.06200
  52.45300 -163.52500   -0.40500    0.05000
  52.37700 -163.47500   -0.28300    0.05000
  50.52600 -171.83500   -0.20100    0.05000
  50.25100 -171.66000    0.07400    0.05000
  50.34300  -44.68000    1.25900    0.11100
  50.37500  -44.48000    1.38900    0.09200
  48.53900  -41.37500    0.50800    0.09500
  48.59900  -14.71900    0.51700    0.05700
  48.76200  -14.14400    0.67200    0.08300
  48.35900 -130.73500    0.09900    0.06200
  48.16600 -129.85500   -0.04600    0.06300
  47.97900 -129.00000    0.08700    0.06400
  47.78500 -128.11500   -0.03200    0.06400
  47.63200 -127.41500   -0.18000    0.07400
  48.39200  -42.02500    0.54600    0.11900
  47.31200 -130.85500    0.26900    0.06000
  47.06000 -129.91100    0.15500    0.05900
  46.70100 -128.82100   -0.09400    0.06100
  46.59300 -128.28600   -0.19500    0.06700
  47.07400 -126.70400   -0.12800    0.07600
  46.68100 -126.37500   -0.12500    0.08200
  46.39400 -127.95500   -0.17400    0.06700
  45.84400  -42.75500    0.67200    0.05700
  46.01200   -7.84500   -0.66200    0.11600
  45.29400 -131.54500    0.12500    0.05900
  45.07300 -131.08000    0.30400    0.05000
  44.65100 -130.05100    0.21200    0.05000
  44.71300 -129.15500   -0.19900    0.06300
  44.64000 -126.59000    0.05900    0.06900
  44.64300 -126.16000   -0.24200    0.08100
  44.92100  -43.87000    0.73500    0.12900
  44.72800  -43.48500    0.92800    0.10000
  44.73500   -8.58200   -0.97900    0.10500
  44.44900 -129.98400    0.20500    0.05000
  43.53500  -53.28000    0.00000    0.23600
  44.03800  -45.66300    0.74700    0.10000
  43.86700  -45.34900    0.57300    0.10600
  44.48100   -8.57900   -1.27500    0.15000
  43.79000   32.21100   -2.30000    0.53300
  43.59200   32.68000   -2.80300    0.56100
  43.45200  -53.37000   -0.19600    0.23200
  43.06400   32.15600   -1.98400    0.49300
  43.28800   33.02300   -2.73200    0.55100
  42.88500   34.00000   -2.38000    0.50300
  42.66300   37.27000   -0.29300    0.24600
  42.93200   37.96200   -0.94300    0.32700
  42.64600   38.77000   -1.09400    0.35000
  42.61400  138.20500   -0.89800    0.09200
  41.63800  -64.03300   -0.07500    0.22300
  41.79400  -60.54000   -1.05000    0.17200
  41.85300  -60.33800   -0.98800    0.19000
  42.14000  -13.24500   -0.23000    0.07100
  41.56500    5.17000   -1.13300    0.22600
  42.34900   37.99000   -0.20900    0.24100
  42.42000   39.18000   -1.22800    0.36800
  41.82900  136.38000   -0.93300    0.08100
  42.09600  137.00000   -1.02700    0.08800
  42.40400  137.71500   -0.98600    0.09000
  40.71100 -125.51700   -0.17500    0.06900
  40.50500 -125.49900   -0.54100    0.09700
  41.44900  -64.25000   -0.28700    0.21700
  41.11600  -59.90500   -0.89300    0.14500
  40.50400  -13.63000   -0.48500    0.06300
  41.39900    5.37000   -1.24300    0.21700
  40.94100    5.92000   -1.60000    0.23700
  40.81600  146.13200    0.28600    0.05000
  41.15600  146.70300    0.15800    0.05500
  40.52500  147.57500    0.08100    0.07600
  41.10000  159.95000    0.01300    0.05000
  40.46000 -125.49500   -0.31200    0.09200
  40.49500  -13.54500   -0.68600    0.06700
  40.46100  -13.22400   -0.76900    0.09700
  39.86000    6.34500   -0.95300    0.23000
  39.84200    6.55000   -0.83700    0.21600
  40.23800  145.39000    0.08300    0.05500
  39.89300  145.60700    0.32500    0.05000
  40.33900  146.83000    0.24000    0.05000
  40.00000  147.94500    0.12200    0.07200
  40.04700  150.81600    0.26000    0.06700
  38.60100  -72.27700   -0.90500    0.29400
  38.52700    5.54800   -0.18800    0.15300
  38.85500  145.43300    0.41400    0.05000
  39.35400  145.52600    0.33700    0.05000
  39.23800  147.09500    0.29200    0.06800
  39.08600  148.12800    0.09400    0.06400
  39.02300  148.63500    0.05400    0.06300
  38.06500  -68.88000   -0.15000    0.15600
  37.64900    2.44600   -0.41700    0.14400
  37.99900    5.60900   -0.23800    0.15500
  38.33100  145.33500    0.45800    0.05000
  38.46900  147.69000    0.11500    0.06500
  37.21700 -123.50500   -0.26300    0.08800
  37.28000 -123.37500   -0.25400    0.13300
  36.50700  -74.04000   -0.18300    0.25700
  37.11700  -70.26000   -0.04000    0.13100
  37.29800  -32.30200    0.95700    0.05000
  37.47400    2.49400   -0.56600    0.14500
  37.38700    2.51800   -0.50800    0.14600
  37.41800    5.67500   -0.47300    0.17100
  36.69400  153.25000   -0.13300    0.06800
  36.74100  153.90600   -0.21100    0.07300
  36.81600  154.96300   -0.14100    0.07100
  36.86000  155.57500   -0.19700    0.07000
  36.45100  -73.75000   -0.14100    0.22200
  36.38600  -73.41500   -0.19800    0.20800
  35.84700  -12.90000   -0.41700    0.11200
  36.26600  145.15500    0.09600    0.06300
  36.09700  146.01400    0.07200    0.06500
  35.77500  146.61100   -0.03100    0.06400
  36.40000  152.64000   -0.12600    0.06800
  34.83000 -121.98000   -0.58600    0.05300
  34.75200  -72.69200   -0.45500    0.15300
  34.63300  -71.92700   -0.13500    0.12900
  34.53700  -69.84500   -0.22300    0.09200
  34.59100  -36.51000    0.27100    0.05000
  34.92500  -36.40000    0.42400    0.05000
  34.70900  -10.79400    0.05000    0.13900
  34.56200  -10.40500    0.16600    0.14900
  34.53100  146.47700   -0.06400    0.06400
  35.38600  146.55000   -0.07900    0.06400
  33.99800  -73.15000   -0.61700    0.15700
  33.73700  -72.18500   -0.47800    0.11300
  34.14100  -70.54000   -0.28300    0.09600
  33.92900  -37.69500   -0.14000    0.05000
  34.31000  -37.09500   -0.09500    0.05000
  34.01000  -12.71500    0.16000    0.11600
  34.48400  -10.53000   -0.30000    0.14400
  34.22000  -10.34200   -0.49200    0.16600
  34.32700  146.48900   -0.05000    0.06400
  34.05900  147.07000   -0.01300    0.06300
  34.03500  147.66500   -0.01500    0.05800
  33.92200  149.35500    0.11400    0.06100
  33.85900  150.12000   -0.00400    0.06600
  33.96200  152.01900   -0.07300    0.06300
  33.87600  152.84500   -0.18500    0.06400
  33.99700  153.91500    0.03000    0.06200
  34.02100  154.56000    0.07500    0.06500
  32.63600 -160.23100   -0.06600    0.05000
  33.12900  -73.60000   -0.73500    0.14700
  33.41900  -73.45000   -0.74400    0.15300
  32.61800  -71.77500   -0.52900    0.10200
  32.95700  -71.32500   -0.62700    0.10600
  33.25500  143.35000    0.18700    0.06900
  31.99900 -160.22500    0.20700    0.05000
  31.78400  -76.52500   -0.48400    0.29700
  32.13800  -76.13700   -0.39300    0.21300
  32.05600  -69.80700   -0.14200    0.08400
  31.67100  -69.01000    0.04600    0.08100
  32.28200  -11.89000    0.41600    0.12800
  32.17800  -11.12000    0.15000    0.14600
  32.25000  138.13000   -0.37100    0.08900
  32.24600  142.98500   -0.08600    0.05000
  31.86400  143.74000    0.07300    0.06100
  31.48300 -160.22000   -0.04600    0.05000
  30.83000  -72.74000   -0.64900    0.10800
  31.46900  -68.59000    0.18100    0.07600
  31.18400  -68.00000    0.15200    0.07700
  30.69200  -67.03100    0.15800    0.07600
  30.99000  133.87000   -0.54600    0.07500
  31.06900  143.98200    0.05000    0.06100
  31.00500  144.77200   -0.01200    0.06000
  30.82900  146.13600   -0.15100    0.06200
  30.69000  147.19900   -0.23400    0.06300
  30.70700  148.03200   -0.23300    0.06300
  30.72500  148.75500   -0.26800    0.06400
  30.42500  -66.53000    0.15500    0.07900
  30.29900  -66.29300    0.30500    0.07700
  29.82600  -65.40500    0.39600    0.07300
  30.23300  -29.25000    0.96300    0.05000
  29.70900  -27.74000    0.81100    0.05100
  29.59600  -27.41500    0.71400    0.05000
  29.65800  136.17000   -0.54400    0.05000
  29.83600  137.00000   -0.72400    0.05000
  29.98500  137.69500   -0.33100    0.06100
  28.54300  -71.62900   -0.24800    0.09800
  28.87500  -63.63500    0.31900    0.06500
  28.61300  -63.18500    0.28200    0.06000
  27.51900 -158.75600    0.08900    0.05000
  27.57000 -111.85000   -1.15400    0.14900
  28.49700  -71.50000   -0.37100    0.09900
  28.16600  -71.07100   -0.27200    0.08900
  27.81400  -69.67900   -0.17900    0.07900
  27.70100  -69.27500   -0.04300    0.08000
  28.33400  -62.70500    0.24200    0.06100
  27.96700  -62.07700   -0.04900    0.05900
  27.60500  -61.45500   -0.43100    0.05800
  27.95100  -20.86800    0.16800    0.09100
  27.58800  147.11500    0.15400    0.06500
  27.72900  150.05000   -0.06700    0.05000
  26.95000 -160.28300    0.79000    0.05000
  26.99100 -158.75400    0.71300    0.05000
  27.42000 -111.62000   -0.84700    0.11500
  27.01900 -111.00000   -0.55200    0.11100
  26.60000 -110.35500   -0.67700    0.12200
  26.98500  -89.82600   -1.00500    0.39300
  27.06700  -88.93600   -0.84900    0.36700
  26.95700  -88.01200   -0.68300    0.31000
  26.81100  -87.03900   -0.49300    0.26200
  26.65300  -86.41200   -0.79500    0.22500
  27.19100  -60.74500   -0.56100    0.05900
  26.68100  -59.89600   -0.68800    0.06000
  27.18600  146.33500    0.08400    0.07300
  27.13600  147.00400    0.16500    0.07100
  27.06900  147.85000    0.12300    0.06200
  27.16700  149.32400   -0.01600    0.05000
  26.97200  149.80200    0.08600    0.05000
  26.19200 -160.28100    0.66300    0.05000
  26.19200 -158.75100    0.57200    0.05000
  26.35400 -109.97500   -0.51500    0.14900
  25.92800  -93.87400   -1.53400    0.37600
  25.91400  -93.16000   -1.60000    0.38100
  25.76300  -92.00500   -1.53400    0.37400
  25.92200  -90.88400   -1.54300    0.33200
  25.98500  -89.95000   -1.24200    0.31200
  26.13000  -88.92800   -1.01000    0.31000
  26.12700  -87.96800   -0.82200    0.29100
  26.03000  -86.96400   -0.58500    0.24800
  25.92100  -86.22000   -0.29300    0.22100
  25.70900  -75.26000    0.53500    0.09200
  26.16400  -59.06800   -0.75800    0.06800
  25.57600  -58.12800   -0.76800    0.05800
  26.41600  150.33500    0.20300    0.05000
  25.52800  157.70400    0.04100    0.05000
  25.22500  -94.72500   -1.79300    0.36500
  24.98900  -93.98300   -1.71800    0.32700
  24.95000  -93.09100   -1.49900    0.31100
  24.73100  -92.25000   -1.24200    0.27500
  25.42600  -86.70900   -0.41500    0.22300
  25.42600  -86.25100   -0.31200    0.21800
  25.36500  -75.07000    0.46400    0.10000
  24.95000  -68.07000   -0.21500    0.05000
  24.94400  -56.96000   -0.55200    0.06100
  24.76500  -22.77900    0.15200    0.07800
  25.18100  146.14000   -0.14600    0.07500
  25.11800  157.61100    0.15700    0.05000
  23.63400 -108.62000   -0.78500    0.12400
  23.52600 -108.46500   -0.83300    0.11300
  24.15200  -95.56000   -1.59900    0.42300
  24.05700  -94.87900   -1.80300    0.38700
  23.97600  -94.04800   -1.69100    0.31600
  24.14100  -93.12200   -1.37400    0.27900
  24.38900  -92.30500   -1.03000    0.25200
  24.28300  -54.42500   -0.77600    0.06700
  24.00000  -53.35200   -0.78700    0.07900
  23.71400  -52.25700   -0.71800    0.07500
  24.20300  -22.93000    0.14500    0.07100
  23.81500  -21.66000    0.10200    0.10000
  23.69000  -21.00000    0.18600    0.10100
  23.55700  -20.29500    0.09300    0.12200
  23.39500 -157.55100    1.14500    0.05700
  22.61800 -108.86300   -0.82500    0.08800
  23.23000 -108.04000   -0.41600    0.10500
  22.98900  -95.06000   -1.63600    0.38300
  23.11700  -93.88200   -1.29200    0.28900
  23.04800  -93.44000   -0.86800    0.25100
  23.34800  -50.84000   -0.73200    0.06600
  22.78300  -46.85000   -0.64500    0.10200
  22.77900  -46.47000   -0.77800    0.09200
  23.40300  -44.04700   -0.44400    0.05000
  23.20500  -43.49900   -0.19600    0.05000
  23.44700  -19.71500    0.11000    0.13900
  23.21000  -18.93600    0.08900    0.17700
  22.98800  -17.86200    0.13300    0.29200
  23.37400  -17.49400    0.34700    0.33500
  22.75200   65.38400    0.17200    0.25500
  22.76300   65.69700    0.04700    0.28300
  22.65000  125.25500   -0.97100    0.08700
  22.88500  157.10500    0.54100    0.05000
  22.45500 -108.58800   -0.65600    0.09600
  22.17900 -108.08500   -0.72100    0.11100
  21.76100 -107.37000   -0.35700    0.12300
  22.45300  -95.57000   -1.26200    0.39100
  21.81600  -95.11500   -1.22700    0.37500
  22.05200  -94.17300   -0.90500    0.27900
  22.26600  -67.83800   -0.16000    0.08000
  22.24800  -67.25500   -0.33600    0.07700
  22.13700  -66.49000   -0.19900    0.06500
  22.19300   65.03200    0.11200    0.20500
  22.42500  125.34500   -0.82000    0.06800
  21.97000  134.18500   -0.25400    0.05000
  22.33500  156.98100    0.78400    0.05000
  21.14900  -94.82600   -1.04000    0.33700
  21.41000  133.87000   -0.45300    0.05000
  19.57900 -159.31000    1.15800    0.05900
  20.13300   60.36500    0.33400    0.13100
  20.00400   60.57000    0.65700    0.09000
  19.90500   64.05500   -0.03900    0.13300
  19.87800   64.93800   -0.32000    0.14800
  19.76600   66.09500    0.50200    0.13200
  19.50500   89.01500   -0.94900    0.43700
  19.99700  155.23500    0.16800    0.06900
  19.09900  -18.97200    0.68700    0.17900
  19.47900   64.91900   -0.07200    0.12700
  19.41100   65.89500    0.55300    0.12100
  19.10600   67.99300    0.86800    0.10000
  18.69500   68.77000    0.97900    0.10200
  18.65400   86.81500    0.02300    0.26100
  18.82000   88.12900   -0.90900    0.37200
  19.29000   88.75000   -0.96800    0.41800
  19.02100  119.21000   -1.40800    0.14700
  18.96100  156.21600    0.09500    0.05000
  17.51000  -20.99200    1.39900    0.10800
  17.51800  -20.04200    1.26600    0.12000
  17.97700  -19.07800    0.87400    0.15500
  17.87600   64.92400   -0.46600    0.14200
  18.03800   68.20200    0.48800    0.10300
  18.11200   68.75800    0.41200    0.11400
  17.92800   87.01900   -0.54100    0.29600
  17.92300   88.01400   -0.79300    0.34100
  18.06300   88.61500   -0.78100    0.35200
  17.99700  116.29700   -0.63600    0.11000
  18.02500  156.00400    0.23300    0.05000
  16.80400  -23.60600    1.65300    0.07700
  17.20300  -20.95000    1.25200    0.11000
  16.63000  -20.18500    1.30000    0.10500
  17.22000  -18.57100    0.70900    0.16300
  17.21200  -18.17700    0.66300    0.18600
  17.24200   64.81200   -0.71900    0.14200
  17.14300   66.64000   -0.05100    0.11000
  17.40600   68.81500    0.54000    0.09600
  16.60600   84.01800   -0.45200    0.25700
  16.79700   86.50000   -0.17400    0.23400
  16.99100   87.08800   -0.51100    0.28500
  17.22800   87.83000   -0.72000    0.31100
  17.22500   88.94900   -0.59700    0.29400
  16.61000  115.55500   -0.23700    0.11500
  16.07400 -105.65500    0.13500    0.05500
  16.10900 -105.26000    0.01700    0.05500
  15.96200  -23.79500    1.26600    0.08200
  16.30800  -19.75500    1.12300    0.11300
  16.03800  -19.02300    0.97100    0.13600
  16.39500  -18.31700    0.63800    0.17900
  15.98100   41.67500    1.07900    0.05000
  16.27200   53.95700    0.32700    0.08700
  15.57800   83.09300   -0.43100    0.25100
  16.10100   84.10000   -0.70900    0.27300
  16.32700   84.68500   -0.64600    0.27000
  15.72900   86.38100   -0.33400    0.23100
  16.23700   86.76100   -0.43100    0.25100
  16.30000  115.70500   -0.74400    0.10600
  14.87200  -66.56000    0.53500    0.09700
  14.66000  -66.46000    0.45500    0.10400
  15.10500  -23.98800    1.78800    0.08000
  15.23800   67.87500    0.07600    0.08900
  14.62100   81.45000   -0.44500    0.24400
  14.56600   81.53500   -0.35300    0.22900
  15.01900   83.12300   -0.29600    0.22400
  14.68300   83.95000   -0.17800    0.20600
  14.83200  150.02000    0.15200    0.06300
  15.12800  150.95500    0.10800    0.06000
  14.01500  -67.69200    0.21400    0.09600
  14.01500  -66.66500    0.23300    0.12000
  14.41500  -66.34500    0.40400    0.10800
  13.97600  -24.24200    1.00600    0.07000
  13.97000   81.29000   -0.09400    0.20400
  13.87900   82.05100   -0.10100    0.19500
  13.76600   82.90600   -0.10200    0.19900
  14.13800   83.83000   -0.12100    0.19400
  12.63900  -19.63500    0.29400    0.10500
  12.91500  -18.96400    0.42100    0.11700
  13.13200  -18.44000    0.64600    0.13000
  13.07400   81.30500    0.19700    0.18700
  12.97300   81.83700   -0.09700    0.20200
  12.86900   83.03500   -0.05900    0.20700
  12.90900   83.53500   -0.12600    0.18400
  12.14700  -19.79700    0.12200    0.10900
  11.58100  -19.44000    0.05900    0.11500
  12.01400   69.37500    0.39400    0.06600
  12.17700   69.85000    0.48700    0.06200
  12.07800   81.22900    0.15500    0.16700
  12.12700   82.07000   -0.13400    0.20800
  12.03800   82.82000   -0.11100    0.19600
  10.77300  -87.96000    1.05000    0.10200
  10.88800  -19.00000    0.19600    0.12400
  11.13600   81.35100   -0.14900    0.17400
  11.22800   81.68100   -0.26500    0.18100
  10.00300 -104.12000   -0.11500    0.05000
   9.60400  -87.54000    0.69900    0.06700
   9.81700  -87.08900    0.82100    0.05800
   9.50200  -86.50000    0.55900    0.05000
   9.80600  -55.64500   -1.65300    0.27400
   9.71800  -55.36500   -1.03800    0.20900
   9.65100  -53.38000   -0.77000    0.12300
   9.62600  -52.20000   -0.59500    0.16100
  10.31300  -18.63500    0.22700    0.14200
   9.08600 -104.80600   -0.17100    0.05000
   9.02800 -104.15600   -0.21800    0.05000
   9.26500  -86.18500    0.53200    0.05000
   8.82100  -55.64800   -0.92600    0.25400
   8.79200  -52.58000   -0.27300    0.10700
   9.23100  -52.38000   -0.52900    0.15700
   8.55900   71.82000    0.38500    0.11900
   8.46700 -103.98700   -0.05400    0.05000
   8.49400  -55.53500   -0.75900    0.25800
   8.36000   71.36500    0.40600    0.08200
   8.45900   71.59000    0.37000    0.09900
   6.93100  -84.53500    0.68100    0.05000
   6.77000  -84.37500    0.59400    0.05000
   6.81400  -50.77500   -0.60700    0.22900
   6.56900  -49.61100   -0.90000    0.22300
   6.76600  -13.67000    0.49700    0.11700
   6.56100  -12.87500    0.40300    0.15100
   6.42000  -51.08000   -0.20400    0.22500
   6.47200  -49.52000   -0.94900    0.21700
   5.93100  -49.04500   -0.78100    0.22200
   5.64400  -48.23400   -0.70800    0.22900
   5.68100  -46.23500   -0.14900    0.10500
   6.48000  -12.94000    0.38600    0.14200
   5.71000  -12.12000    0.27500    0.15700
   5.50900  -11.47500    0.22400    0.19700
   5.66100   50.89500   -0.38500    0.14000
   5.25100  -48.66000   -0.58800    0.25800
   4.88900  -47.92200   -0.61100    0.26600
   4.89900  -47.12500   -0.44300    0.22800
   5.14800  -46.19700   -0.21700    0.13000
   4.50900  -45.42500    0.10700    0.15300
   5.12700  -11.74500    0.30200    0.14900
   4.92900  -11.01400    0.27100    0.17800
   4.63500  -10.34700    0.35400    0.18600
   4.80200    0.12200   -0.59600    0.21200
   4.52400    1.36000   -0.65700    0.19200
   4.52900    1.71000   -0.51100    0.17800
   4.64600    2.94000   -0.43700    0.21000
   4.86500    3.81600   -0.52200    0.32000
   4.32500  -47.84600   -0.37000    0.34200
   4.22900  -46.87500   -0.44300    0.26400
   4.07100  -45.99700   -0.32800    0.18500
   3.70200  -45.20100   -0.22700    0.14200
   4.31600  -10.97200    0.29000    0.14300
   4.48100  -10.11500    0.30100    0.20100
   3.56200   -8.51700    0.63000    0.10000
   3.64900   -7.96400    0.50000    0.11600
   3.77800   -2.87400    0.19000    0.17800
   4.00100   -2.38000    0.66600    0.24600
   4.16000   -0.93200   -0.36400    0.12900
   4.27700   -0.13300   -0.19200    0.16200
   4.37500    1.01400   -0.49600    0.17400
   4.12700    2.13200   -0.48800    0.18900
   3.91000    2.73200   -0.32900    0.17300
   4.02800    3.95100   -0.46200    0.26100
   3.59800   92.87500   -0.65300    0.11200
   2.70900  -94.53500    0.27400    0.06200
   2.68900  -94.34500    0.30100    0.05800
   3.38600  -47.70500   -0.46800    0.42200
   2.80200  -46.89500   -0.63900    0.31800
   3.04600  -45.89700   -0.28100    0.17300
   2.94700  -45.09200   -0.11200    0.13100
   2.79100  -44.47800   -0.04200    0.10900
   2.63100  -43.25500   -0.07400    0.10100
   3.48200   -8.53900    0.60700    0.09600
   3.08800   -3.80000   -0.44200    0.11000
   3.42900   -3.27000   -0.75700    0.14100
   3.30800    2.47100   -0.30800    0.12700
   3.26800    2.80200   -0.25700    0.12700
   3.28600    3.95200   -0.51100    0.20800
   3.02400    4.76200   -0.13700    0.20300
   2.68700    5.65500    0.23400    0.19400
   2.61800    7.21500    0.73900    0.17800
   2.88100    8.25800    0.68600    0.25900
   2.65400    8.67700    0.58000    0.26800
   3.22300   93.23000   -0.92600    0.12000
   2.72200   93.70500   -1.22100    0.13700
   2.29100  -91.65500    0.32500    0.06800
   2.25400  -91.44500    0.33500    0.07000
   2.00700  -80.10000    0.04500    0.05900
   2.35600  -46.75800   -0.74100    0.30300
   2.00600  -46.07800   -0.46800    0.24100
   2.14200  -44.93700   -0.20200    0.13000
   1.98000  -43.90300   -0.06300    0.10700
   2.14500  -43.36500   -0.01100    0.09900
   2.40900    5.42000    0.20800    0.16000
   2.02900    5.79700    0.54300    0.13700
   2.09300    6.70300    0.90500    0.14200
   2.23000    8.41500    0.88500    0.22200
   2.24100    8.81700    0.98400    0.21700
   1.93400   49.40500   -0.54800    0.15700
   2.15100   94.20900   -1.42500    0.15700
   1.11400  -83.70900   -0.08200    0.05900
   1.41100  -45.76500   -0.45000    0.24900
   1.32100  -44.80100   -0.05100    0.13400
   1.25600  -43.97400    0.04900    0.11200
   1.25900  -43.30600    0.06300    0.11100
   1.49700    5.55000    0.64400    0.11900
   0.83300   47.02000   -1.27100    0.23400
  -0.34600  -42.60000    0.09200    0.16100
   0.02600  -42.28500   -0.06100    0.14100
  -0.20100  -41.31800   -0.06600    0.13800
  -0.33500  -40.42000    0.24800    0.11300
  -0.41100  -38.26000    0.30200    0.08200
  -0.38800   44.12000   -0.38200    0.24500
   0.09900   44.72000   -0.06500    0.20300
  -1.39400  -81.88000    0.83400    0.15100
  -1.16600  -41.92000   -0.17400    0.21300
  -1.06700  -40.90000    0.16700    0.15300
  -0.83000  -38.56500   -0.02400    0.09900
  -0.62400  -38.41500    0.19200    0.08800
  -0.97400   44.15000   -0.13400    0.20600
  -1.01800   44.93900   -0.06100    0.16000
  -1.35600   45.50000    0.23200    0.11600
  -1.70500  -42.21500   -0.24300    0.28600
  -1.53300  -41.20500    0.17200    0.18400
  -2.25600   43.14600   -0.10000    0.20600
  -1.50600   44.02000   -0.06900    0.18100
  -2.32500   44.83100    0.04600    0.13900
  -2.14100   56.92500    0.66200    0.06300
  -2.61900  -81.75000    0.65400    0.05000
  -2.89700  -35.91500    0.37200    0.14500
  -3.32000  -35.27200    0.62300    0.11100
  -3.28200  -34.40000    0.16700    0.12500
  -3.48100    8.08200    0.25100    0.11400
  -3.14600   42.85100    0.08100    0.18800
  -3.28000   43.85600    0.08600    0.15800
  -2.54100   44.92500    0.02400    0.13500
  -3.09300   56.32500    0.65900    0.07500
  -2.98400   56.73000    0.63800    0.07600
  -4.28000 -105.88200   -0.46100    0.05000
  -4.13600 -102.96200   -0.32000    0.05000
  -4.49300  -11.82000    0.29700    0.05000
  -3.92800    8.28500    0.09500    0.13200
  -4.14800    8.54000    0.02200    0.14400
  -4.44900   42.25000    0.36000    0.15700
  -3.58100   42.58000    0.11800    0.19000
  -3.60100   44.03500    0.01500    0.14600
  -3.58000   56.48000    0.73200    0.08300
  -3.51700   56.52000    0.68600    0.08200
  -3.51000   79.82000   -0.85000    0.08600
  -4.82900 -105.99900   -0.39300    0.05000
  -4.50700  -34.59500    0.64200    0.10700
  -4.85200  -12.55000    0.33800    0.05000
  -4.93400  -11.95500    0.43000    0.05000
  -4.73800    9.07500   -0.07800    0.17300
  -5.33900   42.24800    0.68200    0.13600
  -4.82800   43.11900   -0.00700    0.15100
  -4.83100   43.64300    0.12800    0.13100
  -6.40200 -138.14000    0.59500    0.05500
  -5.63300  -34.53000    0.27000    0.14700
  -5.59800  -34.32300    0.36800    0.12000
  -5.52600  -11.62600    0.62400    0.05000
  -6.27000    9.13400   -0.35600    0.19100
  -6.00000   42.19800    0.60800    0.14100
  -5.50000   79.91000   -0.77100    0.07900
  -7.21100 -137.56000    0.62100    0.05600
  -7.36500 -137.45000    0.58800    0.05700
  -7.06600  -33.75000    0.23600    0.12300
  -6.91500  -33.08900    0.19900    0.09500
  -7.13300  -32.20400   -0.03700    0.09200
  -6.96900    9.25700   -0.33400    0.17100
  -7.11300   10.03800   -0.27800    0.18400
  -6.65700   42.14900    0.37800    0.17000
  -7.38200   43.31000    0.25700    0.11700
  -7.40400  101.40500   -0.98900    0.09500
  -7.08600  101.74000   -1.10000    0.11700
  -8.34100 -138.25000    0.82600    0.05000
  -7.82600 -137.12000    0.59500    0.05600
  -7.72100  -32.85300   -0.09800    0.09800
  -8.18900  -32.16500   -0.39200    0.09700
  -8.15100  -14.68500    0.05600    0.05000
  -7.81400  -14.17500    0.23500    0.05000
  -8.28700  -13.16300    0.72400    0.05000
  -7.64600    9.20000   -0.17500    0.12000
  -8.05400   10.29300   -0.01600    0.13900
  -8.29600   10.51000    0.12300    0.13400
  -8.24900   42.97000    0.15300    0.14000
  -8.31600  103.75500   -0.86000    0.06300
  -8.69800 -138.67000    0.60500    0.05000
  -8.52800 -138.47000    0.71900    0.05000
  -8.68800  -81.63500   -0.04700    0.07500
  -8.60700  -81.43500   -0.50300    0.05500
  -9.31500  -33.69200    0.29100    0.09400
  -9.09400  -32.67600   -0.07000    0.09200
  -8.86400  -32.19000   -0.27000    0.09300
  -8.75800  -13.51500    0.59500    0.05000
  -8.74600  -13.13700    0.67300    0.05000
  -8.97700   10.44800    0.35700    0.11200
  -8.95100   10.53700    0.36600    0.11200
  -9.24700   42.05800    0.96500    0.14300
  -8.58300  103.56000   -0.80700    0.06900
 -10.37800 -140.65000    0.82000    0.05000
 -10.03400 -140.24500    0.53300    0.05000
 -10.43500  -35.04600    0.23800    0.13000
 -10.42100  -34.11500    0.11600    0.09600
  -9.56400  -33.33500    0.09700    0.08900
  -9.50000   10.50000    0.58500    0.09600
  -9.94500   10.74400    0.99000    0.09200
  -9.72600   42.06800    1.06500    0.14700
  -9.75300  106.03000   -0.20800    0.05000
 -10.07800  153.02500   -0.39100    0.06800
 -10.12600  153.85200   -0.34800    0.05700
 -10.52200 -140.82000    0.94300    0.05000
 -11.28600  -35.69000    0.09800    0.16600
 -10.85000  -35.05500    0.28500    0.12300
 -10.84400  -34.35900    0.24700    0.09300
 -11.25900   11.32400    1.25500    0.09200
 -11.47000   11.57000    1.23500    0.09800
 -11.08200   42.67300    1.15000    0.13600
 -11.42300  118.88900    0.52600    0.06000
 -12.29900 -142.95500    0.34800    0.05600
 -11.60900 -142.12300    0.46300    0.06200
 -11.91100  -79.71500   -0.30000    0.05000
 -12.19300  -36.69400    0.61700    0.13800
 -12.01300  -36.05200    0.27300    0.12700
 -12.21200  -35.49000    0.27900    0.10000
 -11.52300   11.36900    1.23800    0.08900
 -11.52000   11.69000    1.09800    0.11000
 -11.85600   42.35600    1.07100    0.15300
 -11.67700   42.55500    1.25500    0.14900
 -12.18900   50.03300    1.03300    0.08800
 -11.78800  115.97500    0.25800    0.05000
 -11.68600  118.87300    0.52200    0.06400
 -13.23900  -37.54100    0.63500    0.13000
 -13.02400  -37.15800    0.42100    0.12900
 -12.63000  -36.15100    0.24300    0.10800
 -12.61600   11.33600    1.16000    0.11500
 -12.77000   11.63600    1.21700    0.13500
 -12.89800   41.89200    0.95400    0.16100
 -12.73900   42.63500    0.39600    0.15600
 -13.21800   44.25200    0.36100    0.15200
 -13.38600   44.56500    0.27000    0.15700
 -12.69900   46.09300    0.71200    0.13300
 -13.20400   46.67000    0.57300    0.14800
 -13.24500  119.13900    0.35400    0.08600
 -13.95800 -145.80500    0.29700    0.06300
 -13.77400 -145.42000    0.36900    0.06200
 -13.83200  -78.16500   -0.20400    0.05000
 -14.19200  -37.88500    0.52000    0.13500
 -13.66400  -37.18500    0.34500    0.12000
 -14.04100   11.07800    1.01800    0.11100
 -13.53800   43.13600    0.49100    0.14700
 -13.64600   44.17700    0.26600    0.15600
 -13.88300   45.07400    0.27800    0.16000
 -13.84100   45.73300    0.15600    0.17600
 -13.90600  111.98400   -0.09200    0.09500
 -15.45200 -149.25000    0.84600    0.05800
 -15.37900  -77.07200    0.11100    0.14300
 -15.31100  -37.72500    0.25800    0.14000
 -15.24900  -37.25500    0.23700    0.13000
 -14.75500   11.13100    0.63900    0.16200
 -14.64800   11.50000    0.72900    0.17200
 -14.52900   44.28500    0.25500    0.16400
 -15.36100  111.36500   -0.12800    0.09500
 -15.35000  111.77000   -0.09900    0.09800
 -15.34500  113.08000    0.04500    0.08300
 -15.45700  114.81900   -0.16100    0.07700
 -14.75100  118.48500   -0.39900    0.09800
 -14.79400  118.56000   -0.27800    0.09900
 -16.07300 -149.55000    0.88900    0.05900
 -16.02400 -114.53500   -0.05100    0.05000
 -15.94700 -114.00000   -0.08400    0.05000
 -15.80100 -112.97400   -0.14300    0.05000
 -15.66100 -112.00000   -0.25600    0.05000
 -15.58800 -111.48500   -0.27000    0.05000
 -15.71400  -76.79400    0.15500    0.16500
 -16.04700  -76.35500    0.24600    0.11800
 -16.26600   10.44000    0.26300    0.14800
 -15.96100   10.75800    0.46300    0.16200
 -16.19200  110.37000   -0.18000    0.07600
 -16.31700  110.56500   -0.08200    0.06900
 -16.07500  112.07700    0.05100    0.13500
 -15.63100  114.89200   -0.06700    0.07300
 -15.93900  117.46400   -0.20700    0.07500
 -16.01200  117.64900   -0.20500    0.07600
 -17.47300 -114.72500    0.01700    0.05000
 -17.39100 -114.06500    0.03400    0.05000
 -17.23100 -112.77500   -0.10300    0.05000
 -17.17500 -112.32500   -0.12300    0.05000
 -16.84400   10.21600    0.26000    0.16100
 -16.82400   10.62900    0.34100    0.18400
 -17.18000   40.12500    0.66300    0.25100
 -16.98000   41.00300    0.68800    0.21400
 -17.02500   86.19000    0.06900    0.05000
 -17.02500   89.48500   -0.51100    0.05000
 -17.02500   90.00000   -0.21100    0.05000
 -17.02500   90.79500   -0.01100    0.05000
 -17.42400  109.21500   -0.04800    0.07700
 -17.33300  109.88700   -0.11600    0.08400
 -17.00000  111.07100   -0.02600    0.10300
 -16.93300  111.81800    0.14900    0.12300
 -17.56900 -115.50500    0.01300    0.05000
 -17.53400 -115.22000    0.10900    0.05000
 -17.94900    9.21000    0.42000    0.13200
 -18.12100    9.95400    0.33400    0.12700
 -18.09500   38.47000    0.09800    0.28800
 -18.33600   38.59000    0.00200    0.28800
 -18.07700   39.79000    0.13500    0.25900
 -18.18700   40.64500    0.81900    0.21500
 -17.80600  109.34400    0.02100    0.07300
 -17.95500  109.97800    0.11100    0.09400
 -17.82200  110.93000    0.20700    0.12600
 -17.64500  112.01500    0.08000    0.12000
 -18.88500  -37.31000    0.74000    0.11700
 -18.61500   10.21000    0.68100    0.11900
 -18.99000   38.91500    0.03200    0.26200
 -19.00400   40.07000    0.12100    0.24600
 -18.97200  108.47000    0.00500    0.07300
 -18.89300  108.97300    0.03500    0.08800
 -18.78400  109.60500    0.08600    0.12000
 -20.26500    5.11500    0.03600    0.05000
 -19.69800   40.41000    0.54600    0.21700
 -20.19800   40.65500    0.78900    0.20500
 -19.62200  108.37500    0.05100    0.09000
 -19.72300  108.90000    0.29000    0.10400
 -20.19300  109.76000    0.20800    0.08200
 -21.37200  -38.32600    0.65400    0.10800
 -20.57300   54.41000    0.91500    0.05000
 -20.98700  106.48500    0.18000    0.06600
 -21.24400  106.72500    0.18600    0.07400
 -21.34100  111.02600    0.04300    0.09200
 -22.26800 -176.74900    0.36900    0.05000
 -22.16800 -176.43500    0.45700    0.05000
 -21.94100  -38.25300    0.81900    0.11100
 -21.71200    8.40500    0.61800    0.07300
 -21.86600    8.75500    0.69300    0.06200
 -21.71200   37.32800    0.76600    0.15500
 -22.05200   56.15000    1.17900    0.05000
 -22.45900  110.41100   -0.14900    0.08900
 -21.99300  110.98900   -0.02800    0.08700
 -21.97300  111.74000   -0.01900    0.08900
 -22.50300 -176.51000    0.36900    0.05000
 -22.51400 -176.48000    0.46100    0.05000
 -23.41900  -71.58000    0.20600    0.05000
 -23.11700  -38.03900    0.64500    0.12200
 -22.91300  -37.35000    0.64400    0.10500
 -23.12600   37.04800    1.21400    0.14600
 -22.96700   37.79600    1.16700    0.12100
 -22.70400  110.29500   -0.10900    0.08700
 -22.77700  110.93200   -0.09200    0.09200
 -24.20400  -38.81100    0.60900    0.12600
 -23.71600  -37.84900    0.51000    0.12800
 -24.14800   11.41500    0.21100    0.13300
 -23.85800   11.71500    0.48900    0.14500
 -23.75400   37.14700    1.38300    0.13800
 -23.86600   37.57500    1.32100    0.13100
 -23.72600  106.43000    0.22100    0.07000
 -23.74800  106.51500    0.28200    0.06800
 -25.00500  -38.72700    0.56500    0.11900
 -24.77900  -38.32900    0.30500    0.12300
 -25.01000   -2.14000   -0.14800    0.05900
 -25.03900   11.38500    0.19300    0.10500
 -24.83200   11.70500    0.37700    0.11500
 -24.68400  106.70000    0.20700    0.06100
 -24.98300  165.34000    0.03700    0.11300
 -24.70000  165.78000   -0.01100    0.11700
 -26.39800 -173.87000    0.38800    0.05500
 -25.59800  -39.51500    0.01700    0.16100
 -25.75600  -39.13300    0.29100    0.11600
 -26.42500  166.13000    0.16900    0.11400
 -26.37900  166.53500    0.19700    0.11600
 -26.75500 -173.97500    0.22400    0.05800
 -27.11300 -139.98500    0.25300    0.05900
 -27.33200   65.95000    0.12000    0.05000
 -28.30000 -174.43000    0.10300    0.06200
 -28.25600 -145.22000    0.60600    0.05600
 -28.44700  -46.28000    0.02900    0.23000
 -28.12000  -29.93700    0.52600    0.06200
 -27.59300   65.46500   -0.25700    0.05000
 -27.65400   65.99500   -0.62400    0.05000
 -27.54100   66.57500    0.04400    0.05400
 -28.67400 -174.54000    0.11700    0.05800
 -28.52100 -174.49500    0.08100    0.06000
 -28.77900 -145.47500    0.92400    0.05600
 -29.45700 -140.57500    0.34500    0.06700
 -29.15400 -140.40000    0.42800    0.07400
 -29.35700  -46.74500    0.13700    0.31000
 -29.00100  -46.01700    0.02300    0.23400
 -29.38200  -45.43000    0.00700    0.16600
 -29.00600  -40.77100    0.52800    0.11400
 -28.92000   12.39500    1.16400    0.13700
 -29.19300   13.06700    1.03300    0.13600
 -29.29200  112.43500    0.39200    0.06800
 -29.29000  156.46000   -0.48900    0.11600
 -29.11400  156.89400   -0.22600    0.11400
 -29.92300 -140.84500    0.32900    0.06600
 -29.74900  -46.08400    0.07100    0.25700
 -30.20100  -45.25100    0.18800    0.17400
 -29.66800   13.24200    0.97500    0.14500
 -30.22800   13.64400    0.98900    0.15500
 -30.28500   48.21000    0.24000    0.09700
 -30.49200   48.99000    0.02200    0.08700
 -30.38200  113.43000    0.34300    0.07800
 -29.66600  154.42100   -0.37700    0.08600
 -29.66600  154.87900   -0.40600    0.08600
 -30.56800 -141.21800    0.35900    0.06100
 -31.00000  -73.19000    0.24900    0.05000
 -31.21800  -46.52000    0.13500    0.15900
 -31.26600  -46.43500    0.28000    0.14300
 -30.55400  -44.58000    0.01500    0.18700
 -30.86000  -44.00000    0.20000    0.17200
 -31.29200  -43.15600    0.01800    0.15300
 -30.51000   49.06000    0.08900    0.07700
 -31.03900  113.73500    0.56200    0.07300
 -32.34400  -74.22100    0.17900    0.05000
 -32.08500  -73.25500    0.39700    0.05000
 -32.18500  -48.55000   -0.48200    0.25600
 -31.98100  -47.99700   -0.33400    0.22300
 -32.15700  -47.03500   -0.20800    0.17700
 -32.15400  -45.99400   -0.09700    0.14700
 -31.55400  -42.62000    0.34300    0.11900
 -31.91400  -41.88000    0.36900    0.11200
 -32.25800  -41.17500    0.20200    0.10500
 -32.23900   14.73000    0.91200    0.14500
 -32.46100   57.27800    0.74800    0.05000
 -31.84700  169.17400   -0.51000    0.07500
 -32.88200  -74.01400    0.40500    0.05000
 -32.90300  -73.32300    0.31700    0.05000
 -33.25400  -48.90500   -0.58700    0.27100
 -32.82500  -47.90100   -0.49300    0.21000
 -33.06500  -46.92500   -0.28800    0.17000
 -32.72000  -46.03400   -0.23800    0.14900
 -33.16000  -45.16200   -0.21000    0.13400
 -32.91000  -37.15000    0.36500    0.07900
 -32.74400   57.07600    0.55400    0.05000
 -32.73600   57.70000    0.53200    0.05000
 -32.75900  111.33200    0.40700    0.09100
 -34.18100  -74.25500    0.52800    0.05000
 -34.03900  -49.83000   -0.68200    0.28400
 -34.36800  -49.27500   -0.54200    0.21500
 -33.89200  -47.88000   -0.45600    0.17400
 -34.05100  -47.05800   -0.46000    0.14100
 -34.42800  -46.28700   -0.41200    0.11900
 -33.81300  -43.88500   -0.12400    0.11300
 -34.27200  -42.97900   -0.08000    0.10200
 -35.12700  -50.79400   -0.62300    0.24900
 -35.27100  -50.14000   -0.54200    0.18800
 -34.54000  -48.98500   -0.46100    0.17800
 -34.57100  -48.19000   -0.61100    0.14500
 -34.63500  -45.80500   -0.42000    0.10800
 -34.86300  -45.27500   -0.33400    0.10100
 -34.50800  -42.51500   -0.35000    0.10200
 -34.61700  -42.30000   -0.20700    0.09700
 -35.36600  158.45000   -0.34500    0.08000
 -34.94700  159.11500   -0.28600    0.08200
 -35.48400  159.63500   -0.09000    0.08300
 -36.14200  -51.57500   -0.32000    0.20900
 -36.05500  -50.92700   -0.56800    0.19700
 -35.87500  -50.17400   -0.50100    0.16100
 -36.00000  -48.99200   -0.50900    0.12600
 -36.40200  -48.34000   -0.53500    0.11300
 -36.44100   23.81500    0.48000    0.09200
 -36.00500   25.18000    0.00500    0.11400
 -35.72700  110.03700   -0.21700    0.07100
 -36.28100  129.18300   -0.66000    0.07900
 -35.57100  158.12500   -0.11500    0.08300
 -35.53800  159.48000   -0.09700    0.08700
 -35.94000  159.76700   -0.18200    0.07900
 -37.46700  -76.92000   -0.03500    0.05000
 -37.05100  -51.78400   -0.65000    0.18600
 -36.86100  -51.17700   -0.62600    0.16600
 -36.98600  -50.39500   -0.65300    0.14200
 -36.70800  -47.83500   -0.37200    0.09900
 -37.04000  -47.28600   -0.45100    0.09700
 -36.81200   24.03000    0.29800    0.06800
 -36.85800   25.40500   -0.01400    0.15400
 -37.35700   25.53700    0.19500    0.21200
 -36.93700  123.72300   -0.55300    0.06700
 -36.60900  129.40500   -0.81300    0.07300
 -36.92300  129.61800   -1.05300    0.07400
 -37.20100  135.56000   -1.03500    0.09000
 -36.70500  159.29500   -0.20900    0.07800
 -37.49400  160.49000   -0.03100    0.07300
 -37.25800  160.93500   -0.09300    0.07600
 -37.52800  -76.63500   -0.09700    0.05000
 -37.66400  -76.00000   -0.07200    0.05000
 -37.80500  -75.34500   -0.22200    0.05000
 -37.99900  -52.76000   -0.52700    0.16100
 -37.59700  -52.02100   -0.52500    0.16200
 -38.00000   25.70700   -0.17200    0.23400
 -37.69300   50.32000    0.29700    0.05000
 -37.66400   50.57500    0.44400    0.05000
 -37.81800  137.15000   -0.97000    0.08000
 -37.60000  160.29000   -0.05400    0.07200
 -38.33800  161.17000   -0.10700    0.07800
 -38.00900  161.82000   -0.03900    0.07900
 -39.00100   25.97100   -0.01500    0.25400
 -39.27300  139.29200   -0.93000    0.07000
 -39.21500  150.21300   -0.41800    0.10700
 -39.22500  150.87400   -0.48700    0.10000
 -38.50500  160.84000   -0.04200    0.07300
 -39.83500  -53.57000   -0.35400    0.10800
 -39.80600  -53.12300   -0.49900    0.10800
 -39.70800   26.15900    0.19600    0.26000
 -39.61600  139.27400   -0.96600    0.07100
 -40.15800  150.02400   -0.09700    0.10100
 -41.10300  -54.78400   -0.63900    0.11500
 -41.13500  -54.36800   -0.60400    0.12000
 -41.07700  128.33900   -0.68600    0.05400
 -41.29700  129.98200   -0.81600    0.06100
 -41.44300  131.06800   -0.91400    0.05700
 -40.89400  141.04000   -1.12700    0.07800
 -41.17300  150.12500   -0.20200    0.10300
 -41.43400  150.63000   -0.23400    0.09300
 -42.27900  -55.94000   -0.82400    0.10500
 -41.65000  -55.21500   -0.76800    0.14100
 -41.59200  132.17500   -0.70500    0.05400
 -41.69800  132.96400   -0.67800    0.05500
 -41.68800  150.02500   -0.16900    0.10200
 -41.50600  150.77000   -0.11700    0.08600
 -43.11500  -77.96000    0.10000    0.05000
 -43.00500  -77.00000    0.09300    0.05000
 -42.93300  -76.37000   -0.02300    0.05600
 -42.95600  -55.03500   -0.78100    0.13800
 -43.74200  -56.83000   -0.78100    0.13700
 -43.50000  -56.44500   -0.58000    0.10100
 -44.89400  -77.79500    0.18200    0.05000
 -44.73300  -77.00000    0.04000    0.05000
 -44.61000  -76.39000   -0.07600    0.05300
 -46.43800  -57.78500   -0.66400    0.21000
 -46.78600  -57.75100   -0.53400    0.19400
 -46.97100  -57.10500   -0.34500    0.16000
 -46.99600  -56.08500   -0.56000    0.11900
 -47.40900  100.39000   -0.04400    0.05000
 -47.48300  100.54000    0.01100    0.05000
 -47.59800  -77.52000   -0.20200    0.06800
 -47.56400  -77.19000   -0.32900    0.06500
 -47.52300  -57.10000   -0.06900    0.17500
 -47.68200  101.07200   -0.12800    0.05000
 -47.86300  101.84600   -0.14000    0.05000
 -48.23600  127.00000   -0.59900    0.05200
 -48.30900  127.58500   -0.97800    0.05000
 -49.44800  109.22500   -0.35800    0.05000
 -48.76300  126.95500   -1.26900    0.05000
 -49.32800  151.96500    0.36900    0.07200
 -49.51600  109.44500   -0.47300    0.05000
 -49.64500  109.86500   -0.42500    0.05000
 -49.84500  114.44500   -1.31200    0.05000
 -49.96000  114.97500   -1.24800    0.05000
 -50.04500  133.17000   -0.60500    0.05000
 -50.07700  133.65000   -0.57600    0.05000
 -50.12300  151.24300    0.24900    0.07600
 -49.57100  151.74500    0.29900    0.07100
 -51.78600  151.21600    0.33300    0.06900
 -52.75200  151.84000    0.40900    0.06000
 -53.95700  153.82600   -0.05700    0.06200
 -55.01200  153.91800    0.28000    0.05700
 -56.23200  -57.84500   -0.59400    0.09200
 -56.35400  -57.28000   -0.20200    0.09800
 -55.72500  153.98000    0.25500    0.06000
 -56.63100  -56.00500   -0.46800    0.12700
 -59.90200  -54.74000   -0.06800    0.08100
 -60.46000   92.71500   -0.61200    0.13800
 -61.46600   40.02200   -0.08200    0.07500
 -61.25700   89.40000    0.14600    0.11100
 -61.32000   89.78000    0.18000    0.11400
 -60.81900   91.16600    0.01400    0.11100
 -61.29900   92.23000   -0.13600    0.12400
 -61.03300   92.73200   -0.17400    0.12400
 -61.07300  100.75100   -0.99600    0.10200
 -61.27600  117.47000   -0.91900    0.09900
 -61.09400  132.53700   -1.24700    0.10200
 -61.88300  -64.06800   -0.21700    0.05900
 -62.41800   61.66000    0.22300    0.09600
 -62.33000   63.70900    0.31200    0.09700
 -62.31000   65.58500    0.10700    0.10500
 -62.26100   67.21500    0.18300    0.10300
 -62.27900   68.71000    0.30200    0.10400
 -62.06000   70.50500    0.27100    0.11600
 -62.48300   72.11100   -0.01800    0.14100
 -61.91700   90.44000    0.19800    0.11800
 -61.70700   91.03000    0.04000    0.12000
 -61.68700   92.00000   -0.09300    0.12400
 -61.75500   92.88000   -0.06600    0.12400
 -62.29700   93.83500   -0.06000    0.14500
 -62.39800   97.33800    0.02000    0.13300
 -61.87100  100.69800   -0.55500    0.11500
 -61.67500  140.06000   -0.33800    0.08500
 -62.26900  151.09000   -0.01300    0.06300
 -63.48600  -66.39000   -0.23000    0.07900
 -62.93400   28.46400   -0.68100    0.11200
 -63.48600   60.37500    0.31800    0.08800
 -63.00100   62.05500    0.21300    0.10000
 -63.00700   63.74100    0.24100    0.10700
 -63.00000   65.53500    0.13500    0.11000
 -63.00400   67.26000    0.15400    0.11100
 -63.00300   68.72500    0.17700    0.12000
 -62.99200   70.53400    0.21100    0.12300
 -63.01700   72.13900    0.06900    0.13400
 -63.43400   73.94200    0.08700    0.13600
 -63.10800   75.76800    0.28800    0.13100
 -62.86100   91.23000    0.10500    0.13100
 -63.22000   91.53000    0.14800    0.13900
 -62.55400   97.34600    0.15700    0.13300
 -64.09200  -97.98700   -0.04600    0.06800
 -64.41500  -70.09000   -0.25400    0.08600
 -63.52400  -66.32000   -0.19600    0.07800
 -63.92000  -46.41800   -1.05900    0.07500
 -63.53000   60.42500    0.25600    0.09100
 -63.65400   60.56500    0.19300    0.09400
 -63.58400   62.45000    0.08200    0.12100
 -63.68000   62.51500    0.07200    0.13200
 -63.58900   63.76900    0.06700    0.12100
 -63.67600   65.48700    0.08100    0.13000
 -63.73800   67.30300    0.17300    0.13000
 -63.70300   68.74100    0.35000    0.13800
 -63.61300   70.55300    0.28900    0.13500
 -63.72500   72.17500    0.19800    0.13900
 -63.58000   75.73500    0.30600    0.12900
 -64.33000  153.87000   -0.58800    0.08500
 -64.85700  -97.98200   -0.12100    0.06800
 -65.10000  -73.98500   -0.17000    0.07000
 -64.98500  -73.19300   -0.24800    0.07300
 -65.16600  -72.00000   -0.32800    0.07900
 -65.40800  -71.18000   -0.42500    0.08900
 -64.91000   25.50000   -0.07200    0.11800
 -64.54600  153.59000   -0.11000    0.07500
 -66.39900 -129.37500    0.10600    0.06300
 -66.28100  -72.82500   -0.61300    0.09500
 -65.94700  -72.09900   -0.25300    0.09300
 -65.51500  -70.81500   -0.45100    0.09500
 -66.35000   25.58000   -0.24600    0.16700
 -67.07000   -4.95500    0.50300    0.07200
 -67.01100    6.01500    0.50000    0.10600
 -67.63800    6.03500    0.78400    0.07800
 -69.08400  -40.96500   -0.20400    0.15100
 -68.78500  -40.47500   -0.35300    0.13600
  86.55000   42.08000    0.25200    0.06000
  86.73000   48.75000   -0.40800    0.06700
  86.93000   63.64000   -0.50300    0.05700
  85.50000   15.29000   -1.38900    0.07300
  85.79000   20.00000   -1.22600    0.08300
  85.93000   23.33000   -1.05900    0.08000
  86.13000   35.00000    0.14900    0.07000
  86.32500   37.86000   -0.73300    0.07100
  84.98000    9.17000   -0.44600    0.09000
  83.57000   -3.41000   -0.41600    0.07300
  84.26000    1.37000   -0.35900    0.05000
  78.69400    2.19400    0.70000    0.08200
  78.86000    3.89300   -0.04800    0.11900
  76.65800    6.35500    0.94900    0.08300
  76.91500    8.66000    1.15100    0.09600
  75.52100   -6.81500    0.71500    0.08600
  74.66000  -75.79000    0.11300    0.31600
  75.15800   -8.69100    0.76800    0.08900
  75.44700   -7.21000    0.70600    0.08600
  75.40500   14.51500    0.57300    0.24900
  74.30600  -74.53500   -0.53600    0.35900
  74.22700  -68.71000    0.34900    0.21500
  73.92200  -12.67000    0.98600    0.10400
  74.30300  -11.72500    0.97400    0.08900
  73.07800 -132.60000   -1.80200    0.43600
  73.04000 -131.76300   -1.84200    0.46400
  73.32400  -64.88000    0.72900    0.16700
  73.20100  -14.40400    1.23300    0.09900
  72.52900    3.48800    0.87700    0.05000
  71.71900 -143.23500   -1.60400    0.38200
  71.89800 -134.13000   -1.85100    0.53200
  72.22300  -14.95500    1.68000    0.10000
  72.27000    2.29700    0.81500    0.07800
  72.00700    3.57200    1.00000    0.07500
  70.96200  -61.37500    0.70000    0.15700
  70.68600  -17.64500    0.69700    0.09600
  71.00000  -17.31000    0.89300    0.09100
  71.36300    4.33000    0.72400    0.09400
  70.34200  -61.71500    0.37400    0.15000
  70.08000  -19.37000    0.89500    0.16700
  70.08500  -16.24500    1.02700    0.06000
  70.24100    7.04600    0.58800    0.09800
  70.05900    8.02500    0.67900    0.10800
  69.68300    3.81500    0.69000    0.21800
  68.80000    3.46000    1.10900    0.21000
  69.19800    3.62000    0.73000    0.21900
  58.05900 -140.58300   -0.62600    0.24700
  57.28300 -147.69000   -1.14700    0.22300
  54.38700  -51.63500    0.03500    0.32700
  53.90500  -51.00000   -0.05600    0.30400
  53.51400  -50.48500   -0.09600    0.29100
  53.34000  -50.25500   -0.17400    0.29000
  43.59500  -57.16500   -1.17200    0.41900
  42.91100 -134.61000   -0.27000    0.20200
  42.97800 -134.00000   -0.28400    0.20200
  43.08900 -133.00000   -0.17800    0.20200
  43.15900 -132.00500   -0.27800    0.20400
  43.06300 -131.00000   -0.35700    0.20500
  42.95100 -130.00000   -0.27000    0.20500
  42.83900 -129.00000   -0.45100    0.20600
  42.72200 -128.00000   -0.19000    0.20200
  42.60400 -127.00000   -0.10900    0.20000
  42.52300 -126.31000   -0.16000    0.20200
  43.00800  -58.55500   -1.26500    0.42200
  42.97100  -58.22300   -1.24800    0.40100
  43.32500  -57.02000   -1.03000    0.38900
  42.46300 -125.80500   -0.08300    0.20400
  42.42500 -125.48000   -0.53300    0.21000
  41.85300  -59.00000   -1.25900    0.31900
  41.94300  -57.75400   -1.04100    0.33400
  41.54000  -56.96000   -1.22400    0.31900
  41.59300  -56.32700   -1.34000    0.31200
  42.04000  -46.72500    0.18600    0.23600
  41.85700  -46.28500   -0.14800    0.24600
  42.27700   30.44500   -1.51600    0.55700
  42.40200   30.72000   -1.65500    0.57000
  41.08000  -57.91400   -1.18500    0.29500
  40.96800  -57.12200   -1.28500    0.29700
  41.23600  -55.76500   -1.17300    0.29400
  40.73600  -55.24500   -1.05200    0.27700
  39.69500  -58.60500   -0.82600    0.26100
  40.14000  -58.10000   -1.22600    0.28600
  40.35600  -56.72500   -1.21000    0.28200
  39.87900  -56.00000   -0.98800    0.26500
  40.16900  -54.83900   -0.81300    0.25700
  39.76100  -54.23000   -0.84900    0.25400
  39.18700  -54.91800   -0.77200    0.24700
  39.02800  -53.99700   -0.44400    0.23100
  38.98600  -53.45000   -0.08900    0.21600
  33.53300  -11.30500   -0.05600    0.27500
  33.22300  -14.57500    0.78700    0.23000
  33.07400  -13.92600    0.30400    0.24900
  32.33900  -14.80000    0.55700    0.23600
  32.18900  -14.02900    0.54000    0.24200
  30.79100  -15.99500    0.66100    0.24300
  30.80000  -14.99300    0.95300    0.25100
  30.90100  -14.13200    1.33800    0.26300
  29.70400  -15.66500    0.76900    0.27400
  30.20600  -15.24500    1.20700    0.26000
  28.96900  -15.88300    0.37700    0.29400
  28.58900  -15.29000    0.05000    0.32200
  27.62400  -17.06000    0.65400    0.27500
  27.50600  -16.48000    0.44500    0.29500
  26.74700  -17.66000    1.06600    0.24900
  27.12300  -16.99200    0.60700    0.27800
  27.17000  -16.30300    0.22900    0.31300
  26.45900  -61.65000   -0.61300    0.20600
  26.25100  -18.00000    1.24400    0.24600
  22.43500   37.74500    0.92500    0.20100
  21.39000  -65.50800   -0.32600    0.21500
  20.52300   38.59000    1.32000    0.23100
  20.20400   38.28700    1.19300    0.22100
  19.77000   38.67300    0.80400    0.22000
  19.31400   38.45500    1.07400    0.30000
  19.43500   38.56000    1.02000    0.27300
  18.53400  118.11000   -0.79500    0.24100
  18.62200  123.19000   -0.71100    0.22200
  18.79200  123.61000   -1.41500    0.21900
  18.43000  117.76500   -0.72300    0.23600
  18.48300  122.84500   -0.66900    0.23700
  17.80200  133.07500   -1.09200    0.20100
  17.82200  133.77500   -0.97000    0.20200
  18.00000  136.44500   -0.45500    0.20100
  17.99800  137.00000   -0.65300    0.20100
  17.99400  138.00000   -0.82400    0.20100
  17.99100  138.77000   -0.94400    0.20100
  17.98200  140.07500   -0.70400    0.20200
  17.98500  141.00000   -0.87600    0.21000
  17.98700  141.69500   -1.04800    0.21800
  18.00300  144.04500   -0.85800    0.20200
  18.15200  144.79000   -0.72800    0.20200
  17.72900  158.42500    0.27100    0.20500
  17.58500  158.62500    0.31000    0.20500
  17.29800  157.11000    0.28700    0.20400
  17.22900  159.12000    0.33800    0.20500
  16.91300  159.56000    0.30100    0.20500
  15.65000  -65.62000    0.67500    0.23600
  14.66200  -74.99100    1.35000    0.22000
  14.75400  -74.50000    1.07000    0.22700
  13.78400  -76.65000    1.07900    0.23400
  14.16600  -76.46000    1.83000    0.21300
  14.45400  -74.61500    1.51600    0.21500
  14.20500  -74.00000    1.32200    0.22600
  13.80600  -73.01500    0.54800    0.25500
  14.33200  -57.52500   -1.54300    0.26100
  14.36500  -57.48000   -1.79400    0.27300
  13.82600  113.79500   -0.60100    0.20800
  13.73400  114.75500   -0.64900    0.20500
  13.02000  -77.03000    0.55600    0.26300
  12.66000  113.08500   -0.95200    0.21600
  12.99900  114.24000   -0.71500    0.20700
  12.78400  115.14000   -0.84700    0.21200
  12.92300  155.17000    0.08800    0.20400
  13.16300  156.00000   -0.02900    0.20600
  13.31700  156.53000   -0.10400    0.20700
  12.04000 -103.86500   -0.32100    0.20000
  12.15500 -103.00000   -0.29100    0.20000
  12.23500 -102.40000   -0.23000    0.20000
  11.95500  -56.96000   -1.53400    0.32700
  12.02500  -56.40000   -1.52800    0.31900
  12.29900  113.35000   -0.87400    0.21100
  11.91800  113.63000   -0.83000    0.21100
  12.27500  114.92900   -0.70700    0.21100
  10.51600  -57.92500   -1.43400    0.41700
  10.55400  -56.92000   -1.11900    0.34500
  10.84400  -56.02800   -1.17000    0.32000
  10.95000  -55.19500   -0.97900    0.28200
  11.25300  155.16500    0.28700    0.20400
  11.15800  155.53000    0.37600    0.20300
  10.10800  -57.80900   -1.38200    0.43300
   9.95500  -57.00000   -1.33600    0.39800
   9.22700  -56.79700   -0.98700    0.40000
   8.28700  -56.73000   -0.32800    0.42300
   7.21000  -91.34000   -0.08800    0.20500
   5.83900  -43.63000    0.10100    0.22000
   5.58800  -43.42500    0.10700    0.22100
   6.15600  164.32000    0.94600    0.20600
   6.21800  165.00000    0.77200    0.20800
   6.30900  166.00000    0.85200    0.20500
   6.39900  167.00000    0.82300    0.20700
   6.44500  167.50000    0.87300    0.20700
   5.25700  -43.15500    0.07700    0.22100
   3.53500  -83.79000    0.28700    0.20200
   4.23700  -44.35000   -0.16200    0.24600
   3.85800   51.24500   -0.55100    0.23700
   4.01800   51.82500   -0.62400    0.23600
   2.99700  -83.77200   -0.29200    0.20100
   3.33500  -42.43500   -0.00200    0.22500
   2.20500  -92.66500    0.57900    0.20400
   0.94200    6.93000    0.63100    0.28900
   0.42100    7.42500    0.71900    0.29400
   0.32700    7.51500    0.75400    0.29200
  -1.14300  -37.16500    0.03000    0.22300
  -3.58400   45.17500   -0.37300    0.26400
  -4.68400   45.00000   -0.29600    0.26000
  -4.67000   45.66500   -0.06300    0.24400
  -6.19600  128.13000   -2.57600    0.21500
  -6.54900  128.21000   -2.43800    0.21500
 -13.13200 -144.09300    0.33100    0.20200
 -18.39000 -150.69000    1.04700    0.20300
 -17.79500 -150.39000    1.40700    0.20700
 -17.90400    3.21000   -0.48000    0.20800
 -17.98800    3.55000   -0.38900    0.20700
 -18.57000 -150.78000    1.01200    0.20300
 -18.90400    7.16500   -0.28600    0.21900
 -19.08300    8.00100   -0.13600    0.22000
 -19.19000    8.55000   -0.06300    0.22300
 -19.72000 -150.95500    0.93400    0.20000
 -22.49400   42.03500    1.12900    0.26500
 -22.61800   41.88000    1.11800    0.26500
 -24.25400   43.08800    0.98500    0.25100
 -24.64900   43.33500    0.95300    0.24200
 -25.96500  -11.74500   -0.39100    0.20200
 -25.97000   -4.20000   -0.24100    0.20300
 -25.84500   -3.34500   -0.21300    0.20200
 -36.48500  -31.21000    0.22400    0.20900
 -36.01300  127.36700   -0.56700    0.21400
 -36.37700  132.29400   -0.84300    0.22100
 -36.55300  -30.81500    0.17300    0.20800
 -36.69400  -30.00000    0.15200    0.21000
 -36.85800  -29.14000    0.02300    0.20700
 -37.00000  127.21500   -0.90700    0.20900
 -36.93100  128.05600   -0.95000    0.21100
 -36.87700  130.90300   -1.16100    0.21900
 -36.88900  131.98400   -1.20300    0.22200
 -37.11100  132.72900   -1.30600    0.22300
 -37.74900  127.05400   -1.00700    0.20200
 -37.92300  131.48100   -1.60100    0.21800
 -37.67300  131.54100   -1.53900    0.21900
 -37.75800  133.01500   -1.17000    0.20900
 -42.49900  127.35000   -0.95600    0.20000
 -42.06000  127.80600   -1.03300    0.20000
 -42.19300  134.81900   -0.84600    0.20000
 -42.01700  142.18500   -0.72700    0.20900
 -42.06100  142.66800   -0.84500    0.21500
 -42.50100  127.19000   -0.96300    0.20000
 -43.00000  135.05200   -0.84300    0.20000
 -42.65400  141.43000   -0.54400    0.20500
 -42.55500  141.58500   -0.37100    0.20600
 -42.88600  143.17500   -0.59000    0.20800
 -43.38600  143.58500   -0.57100    0.21100
 -44.00000  135.12400   -0.73100    0.20000
 -44.04600  143.35100   -0.71800    0.20700
 -44.05900  143.68200   -0.61800    0.20700
 -43.91000  152.01500   -0.03000    0.22700
 -43.91000  153.00000   -0.28600    0.22300
 -43.91000  153.99500   -0.22300    0.21700
 -44.00700  163.02500   -0.08400    0.21200
 -45.20100  128.43000   -0.88100    0.20000
 -45.00000  135.19600   -0.72400    0.20000
 -45.17100  144.15100   -0.56800    0.20500
 -45.32800  149.47000   -0.16000    0.22900
 -45.26100  149.54000   -0.06900    0.22700
 -44.60800  151.48500   -0.27100    0.24300
 -44.76100  151.83000   -0.26100    0.23200
 -44.52100  163.39000   -0.13700    0.21600
 -45.64400  128.48300   -0.80600    0.20000
 -45.84000  128.97200   -0.95400    0.20000
 -46.03600  129.91800   -0.89000    0.20000
 -46.00000  135.26800   -0.70600    0.20000
 -45.94500  144.35300   -0.45600    0.20400
 -45.95500  144.58600   -0.48100    0.20300
 -46.43300  150.26500   -0.41700    0.23600
 -46.37100  150.64500    0.04500    0.21200
 -46.99900  130.12600   -0.83600    0.20000
 -46.51400  135.30400   -0.67200    0.20000
 -46.78600  144.79100   -0.39700    0.20500
 -47.95000  130.23500   -0.81600    0.20000
 -47.82300  151.89000   -0.08900    0.22000
 -48.49500  154.14900   -0.00400    0.21700
 -48.48600  154.53500    0.00600    0.21500
 -48.71600  -51.60500   -0.75600    0.21300
 -48.91400  -51.31800   -0.90100    0.22000
 -49.10700  -45.81500   -0.44500    0.20900
 -49.07100  -44.77500   -0.24600    0.20500
 -49.36500  -44.41000   -0.17300    0.20400
 -49.22400  147.29500   -0.10900    0.20700
 -48.73500  154.10500    0.13200    0.20900
 -48.70800  154.74400    0.18600    0.20400
 -49.24100  156.19500   -0.51300    0.21200
 -49.42500  162.28000    0.05300    0.20200
 -49.83800  153.31000   -0.41800    0.21600
 -49.93900  154.02900   -0.13200    0.20900
 -49.80600  154.64100   -0.38400    0.21000
 -49.52700  156.47500   -0.51800    0.21800
 -50.03100  156.97000   -0.41900    0.21300
 -50.17000  158.32500   -0.09500    0.20500
 -50.44900  158.55000   -0.01100    0.20600
 -50.47300  160.46000    0.13800    0.20000
 -50.16200  161.00000   -0.08600    0.20400
 -49.68700  161.82500   -0.02100    0.20200
 -51.35800  -39.69000    0.13700    0.27300
 -51.08900  -39.32500    0.25400    0.25200
 -50.53600  157.46500   -0.59700    0.21900
 -51.01000  157.93000   -0.30500    0.20900
 -50.85800  158.88000    0.26600    0.20200
 -50.73000  160.01500    0.11800    0.20100
 -52.19100  -40.82000   -0.20400    0.29500
 -51.73100  -40.19500   -0.02800    0.28600
 -54.48500  157.88500   -0.67000    0.20800
 -54.61000  158.17000   -0.21700    0.20500
 -55.07500  159.26000   -1.19600    0.20500
 -55.31000  159.80000   -0.30100    0.20400
 -56.50000  156.84500   -0.06900    0.20500
 -56.50000  159.35500   -0.29100    0.20900
 -56.50000  159.79000   -0.19600    0.21500
 -57.48300  -29.89500   -0.45100    0.20000
 -57.44400  -29.00000   -0.82800    0.20900
 -57.40700  -28.15500   -0.72600    0.21100
 -57.17300  -22.94500   -0.46500    0.20900
 -57.13000  -22.00000   -0.20700    0.20800
 -57.60000  -32.59000   -0.38900    0.20800
 -57.57400  -32.00000   -0.77200    0.20400
 -57.53100  -31.00000   -0.69600    0.20200
 -57.50500  -30.40000   -0.49400    0.20100
 -59.09300  -31.97500   -0.01700    0.20100
 -59.19700  -31.00000   -0.29200    0.20100
 -59.30300  -30.00000   -0.19400    0.20100
 -59.38000  -29.27500    0.24100    0.20000
 -60.46600  -61.39500   -0.22300    0.20500
 -60.04900  -22.92000   -0.11000    0.20200
 -60.11400  -22.30500   -0.13800    0.20100
 -60.02600   -2.05500   -0.77000    0.21100
 -60.40400   97.23600   -1.03600    0.23700
 -60.69200  -61.11500   -0.13500    0.20500
 -61.22500   46.87000   -0.24700    0.22100
 -61.00000   97.26600   -0.83000    0.24600
 -61.28200  107.33500   -0.56600    0.21900
 -61.20800  112.23100   -0.83600    0.23500
 -61.27800  126.01700   -1.22700    0.24500
 -61.17200  157.25500    0.27100    0.20000
 -61.42100  157.61000    0.17400    0.20000
 -61.06900  168.23500    0.07200    0.20600
 -61.29900  169.00000    0.46700    0.20100
 -61.47300  169.58000    0.27700    0.20300
 -62.46300   25.12000   -0.38000    0.22800
 -62.00700   46.83300   -0.15000    0.24100
 -62.32000   53.34500   -0.40300    0.23400
 -62.10600   53.62900   -0.41200    0.23300
 -62.25300   55.00000   -0.19600    0.22900
 -61.79900  107.19000   -0.54800    0.22700
 -61.51500  112.26400   -1.05500    0.24800
 -62.00100  126.07300   -1.10800    0.26200
 -62.02000  131.48000   -1.08400    0.25300
 -61.77600  158.11500    0.22100    0.20000
 -62.27400  158.82500    0.26600    0.20000
 -61.64300  170.14400    0.51300    0.20200
 -61.87300  170.97300    0.61900    0.20300
 -62.15100  172.00000   -0.02800    0.20300
 -62.30400  172.56500    0.20400    0.20000
 -63.31300   24.33000   -0.48800    0.23500
 -62.81200   24.79500   -0.32800    0.22700
 -63.10800   34.21200   -0.53100    0.24000
 -63.33700   41.77500   -0.18300    0.22900
 -62.93500   46.78800   -0.08400    0.26700
 -63.42000   52.44000   -0.47900    0.25600
 -63.08100   52.96000   -0.50100    0.25000
 -62.74200   53.99500   -0.44900    0.24000
 -63.07500   57.04500   -0.08400    0.23500
 -62.54900  126.11500   -0.78200    0.26600
 -62.72000  131.50500   -0.79700    0.26600
 -63.09200  147.33200   -0.14100    0.21400
 -62.62200  159.32000    0.17400    0.20000
 -63.09500  159.99500    0.25900    0.20000
 -63.46700  163.14500    0.23000    0.20000
 -63.38700  164.00000    0.34900    0.20000
 -63.33600  164.54000    0.43100    0.20000
 -63.03300  166.43500    1.18500    0.20000
 -63.29500  166.75000    1.36300    0.20000
 -64.35600   23.36000   -0.20900    0.23000
 -63.85600   23.82500   -0.35600    0.23300
 -64.13300   27.25900   -0.88400    0.25900
 -64.00800   28.41600   -0.89800    0.25600
 -63.84000   34.30600   -0.50400    0.24300
 -64.46400   39.10500   -0.42300    0.24500
 -64.38200   40.08100   -0.30600    0.24400
 -64.09900   41.00000   -0.17400    0.24100
 -64.15600   41.97300   -0.00100    0.23900
 -64.11400   42.86000    0.07500    0.23200
 -63.61500   52.28000   -0.50600    0.26300
 -64.01700   56.48000   -0.05700    0.24600
 -63.73300   56.65000   -0.11300    0.24200
 -63.57400  162.00500    0.22900    0.20000
 -63.51300  162.65000    0.08700    0.20000
 -63.70800  167.24500    0.81100    0.20000
 -64.09600  167.71000    0.43100    0.20000
 -65.20000  -27.51000   -1.16800    0.24300
 -65.35500  -27.19500   -0.96100    0.23600
 -65.38800   22.40000   -0.46400    0.25100
 -64.88800   22.86500   -0.37200    0.24200
 -64.77700   28.38300   -1.04300    0.27200
 -64.63500   37.26500   -0.51700    0.24700
 -64.56700   38.00000   -0.50200    0.24600
 -64.51000   38.61000   -0.77100    0.26100
 -64.50300   40.20000   -0.05200    0.23800
 -65.43300  172.05500    0.16600    0.21000
 -65.35800  172.55500    0.00300    0.21300
 -66.14900 -119.99000   -0.21500    0.21400
 -66.24400 -104.53200   -0.42200    0.25000
 -66.14700  -84.61200   -0.40500    0.23800
 -66.46500  -75.54500   -0.22000    0.22100
 -65.59800  -26.70000   -0.80500    0.23300
 -65.94200  -26.00000   -0.25700    0.21700
 -66.34500  -25.18000   -0.11600    0.21600
 -66.43100   21.43000   -0.35400    0.26500
 -65.93100   21.89500   -0.43200    0.25900
 -65.52300  171.45500    0.17500    0.21700
 -65.50900  171.55000    0.22000    0.20900
 -67.33900 -132.51500   -0.21400    0.21300
 -67.42400 -132.37500   -0.09400    0.21100
 -67.25000 -126.99200    0.31700    0.20800
 -67.13100 -126.24600    0.42900    0.20500
 -66.51200 -119.98000   -0.12400    0.21300
 -67.02300 -109.92500   -0.11600    0.22900
 -67.00200 -104.53800   -0.55000    0.25500
 -66.57600  -84.51700   -0.54200    0.24700
 -66.72000  -84.48600   -0.51300    0.24600
 -66.62100  -80.51500   -0.55400    0.23700
 -66.63600  -80.45500   -0.49500    0.23500
 -66.62800  -75.76000   -0.37800    0.22400
 -66.58800  -24.68500   -0.15700    0.21900
 -66.92500  -24.00000   -0.39100    0.22900
 -67.33700  -23.16000   -0.29000    0.22700
 -66.52200   21.34500   -0.28100    0.26200
 -66.76700   23.09500   -0.86900    0.28600
 -66.61000   28.00000   -0.60000    0.28400
 -66.59100   29.00000   -0.45500    0.28600
 -66.57900   29.63000   -0.43900    0.28700
 -67.73000 -131.87000    0.05200    0.21000
 -68.23000 -131.04500    0.30800    0.20800
 -67.99900 -130.08000    0.48300    0.20600
 -67.74300 -126.79700    0.52400    0.20700
 -67.93600 -125.91400    0.55700    0.21000
 -67.80100 -125.07900    0.66200    0.20700
 -67.73100 -124.06000    0.67700    0.20800
 -67.71300 -109.97500    0.11600    0.23100
 -68.00300 -104.54500   -0.46800    0.25600
 -68.12900  -28.93500   -0.33300    0.24100
 -68.12600  -28.00000   -0.27900    0.23700
 -68.12300  -27.00000   -0.19900    0.23300
 -68.12100  -26.31500   -0.48400    0.24500
 -67.58100  -22.66500   -0.44500    0.23500
 -67.90700  -22.00000   -0.36000    0.23400
 -68.32700  -21.14500   -0.39000    0.23900
 -67.77400   -1.63500    0.47400    0.22800
 -67.66200   -1.44500    0.47100    0.22600
 -67.50800   25.46500   -0.72200    0.31800
 -67.53700   25.55500   -0.70200    0.31900
 -68.52900 -130.55000    0.30300    0.21100
 -68.59900 -129.78500    0.48800    0.21000
 -68.80700 -129.41500    0.51200    0.21200
 -68.65900 -124.87000    0.61800    0.21300
 -69.00500 -104.55200   -0.39100    0.26800
 -69.06500  -98.85000   -0.47100    0.24400
 -68.92100  -98.07000   -0.46200    0.24100
 -69.39000  -89.65500    0.24600    0.24100
 -69.31300  -89.00000    0.09300    0.25000
 -69.19600  -88.00000   -0.07100    0.25400
 -69.13000  -87.43000   -0.02000    0.24900
 -69.49200  -31.54500   -0.49600    0.26600
 -69.41000  -31.00000   -0.51100    0.26600
 -69.26000  -30.00000   -0.50700    0.26400
 -69.11000  -29.00000   -0.40200    0.25500
 -69.01300  -28.35000   -0.08700    0.24100
 -68.57100  -20.65000   -0.17200    0.23300
 -68.89000  -20.00000   -0.23500    0.23900
 -69.33200  -19.08900   -0.23000    0.24400
 -69.28000  176.04000    0.12700    0.21700
 -69.72200 -104.55800   -0.35500    0.28100
 -69.98600 -103.51000   -0.32300    0.25900
 -69.60900 -102.99500   -0.31600    0.25300
 -69.50000 -102.00000   -0.20600    0.25100
 -69.50000 -101.00000   -0.25300    0.25100
 -69.50000 -100.00000   -0.14600    0.24300
 -69.50000  -99.00000   -0.38400    0.25100
 -69.50000  -98.00000   -0.30200    0.24300
 -69.50000  -97.00000   -0.19400    0.23600
 -69.50000  -96.48500   -0.22000    0.23600
 -69.84600  -33.90500   -0.44200    0.27300
 -69.71000  -33.00000   -0.47600    0.27100
 -69.56800  -32.05000   -0.47300    0.26900
 -69.51800  -18.58000   -0.31300    0.24800
 -69.64600  -18.00000   -0.13500    0.24100
 -69.86700  -17.00000    0.03200    0.23500
 -69.98900  -16.45000   -0.17100    0.24300
  88.55500  121.35000   -0.55000    0.26500
  88.72300  125.00000   -0.72800    0.27300
  88.91700  129.20000   -0.32200    0.25100
  87.59200  100.50000   -0.58200    0.26400
  87.80000  105.00000   -0.79100    0.27700
  88.03100  110.00000   -0.58200    0.27100
  88.26200  115.00000   -0.92300    0.28300
  88.43700  118.80000   -0.78900    0.27600
  86.87700   85.00000    0.35400    0.20200
  87.10800   90.00000   -0.45000    0.23300
  87.33800   95.00000   -0.50800    0.24700
  87.47500   97.95000   -0.82500    0.27300
  84.01000   20.85000   -0.45300    0.25000
  83.65300   25.76700   -0.56000    0.27400
  83.58400   27.65000   -0.64500    0.28100
  82.99900   24.35000   -0.59100    0.28100
  82.98400   28.90000   -0.87700    0.30000
  82.30600   26.75000   -0.81700    0.30500
  82.06700   29.40400   -0.57700    0.30600
  79.98000   -3.35000    0.08900    0.28500
  79.70500   -0.40000   -0.08600    0.26600
  77.75900   -2.70000   -0.22500    0.29300
  77.61400   -1.90000   -0.20700    0.29100
  77.15400    0.65000    0.12100    0.26300
  72.16900 -147.54500   -1.86800    0.47400
 -70.01300 -103.53500   -0.38900    0.26400
 -70.00900  -16.36000   -0.22200    0.24600
 -72.38800 -158.74500   -0.12100    0.22100
 -72.40800 -155.44500   -0.44100    0.23700
  68.56400    2.99000    1.35000    0.24800
  68.39400    3.30000    1.88200    0.25800
  68.27600    3.51500    2.32900    0.26000
  61.75700  -39.50000    1.75700    0.23800
  61.62900  -39.20500    1.52700    0.23400
  62.11700  -34.01400    1.02400    0.21600
  62.07800  -33.00000    1.33300    0.20700
  62.05800  -31.99800    1.40700    0.20600
  62.00500  -31.00000    1.49600    0.20500
  61.93800  -30.00000    1.52700    0.20500
  61.87400  -29.00000    1.69100    0.20300
  61.41000  -38.70500    1.29000    0.23100
  61.12500  -38.00000    0.99300    0.23100
  60.78600  -37.01000    0.93000    0.22100
  60.57600  -36.01600    1.05500    0.21200
  60.53400  -35.00000    1.20200    0.20700
  60.52000  -33.99900    1.21600    0.20500
  60.50200  -33.47000    1.07900    0.20400
  61.27500  -28.79200    2.05100    0.27200
  61.49100  -23.59700    1.70900    0.20900
  61.43200  -23.00000    1.53600    0.21500
  61.33900  -22.00100    1.58500    0.22100
  61.25800  -20.99900    1.53500    0.21900
  61.13000  -19.96700    1.19700    0.22700
  60.74900  -19.01800    1.37400    0.22300
  60.47400  -32.96900    1.26500    0.20400
  60.42000  -32.00100    1.23900    0.20300
  60.37100  -31.00000    1.57600    0.20200
  60.31500  -30.00000    1.55000    0.20200
  60.25200  -29.00200    1.65600    0.20100
  60.20000  -28.00000    1.54500    0.20300
  60.14000  -26.99900    1.39900    0.20700
  60.04500  -26.00000    1.26600    0.20800
  59.95400  -25.00000    1.37600    0.20800
  59.88900  -24.00000    1.50600    0.21200
  59.82900  -23.00000    1.32000    0.22100
  60.47000  -18.53900    1.56500    0.21800
  60.22000  -18.21500    1.63100    0.21500
  58.33300 -140.05000   -0.46300    0.33200
  56.50900 -175.00500   -0.85800    0.33100
  57.31600 -139.96700   -0.42600    0.32800
  55.62200 -176.71500   -0.80200    0.32600
  55.98700 -176.00000   -0.76700    0.32300
  56.37500 -175.26000   -0.80300    0.32700
  56.17700 -173.86500   -0.91900    0.33400
  55.64700 -172.29000   -0.82500    0.32000
  56.39300  168.39000   -0.44000    0.28200
  55.17500 -178.69200   -0.49600    0.31700
  54.96200 -177.95500   -1.01900    0.33900
  55.35200 -177.21200   -0.88700    0.33000
  54.66700 -176.50000   -0.55500    0.32700
  54.53300 -135.63300   -0.05500    0.32500
  54.64200 -135.10000    0.00200    0.28100
  54.77500  -42.90800    0.80800    0.28300
  53.90000 -176.06700   -0.38000    0.31500
  54.20000 -135.99200    0.39200    0.30400
  52.64200 -175.95000    0.13600    0.30100
  53.36700 -161.68300   -2.49600    0.24200
  53.23300 -157.10000   -0.15200    0.25800
  52.60000 -141.16700    0.06300    0.25300
  53.13300 -138.75000   -0.19100    0.28000
  53.39200  177.44200   -0.37900    0.31000
  51.50000 -154.46700    0.05900    0.26600
  50.73300 -148.36700   -0.07300    0.22700
  51.38300 -145.18300    0.06100    0.23200
  47.93300 -169.80000   -0.24100    0.24200
  46.88300 -174.81700   -0.53700    0.22200
  46.89200   -9.85000    0.41800    0.28500
  45.56700 -143.18300   -0.21300    0.24600
  46.14200  -15.35000    0.90000    0.30700
  45.02500 -144.46600   -0.17700    0.25400
  44.30000 -163.78300   -0.34300    0.22000
  43.81700 -143.11700   -0.31100    0.23000
  43.96700 -140.63300   -0.39900    0.22000
  43.75000 -137.10000   -0.12300    0.24700
  43.00000 -134.45000   -0.18800    0.24500
  40.98300 -160.65000    0.07700    0.25800
  40.90000 -128.40900    0.03400    0.31000
  40.55800  -18.95800   -0.35800    0.29500
  39.70000 -172.98300   -0.06800    0.23700
  40.30000 -136.26700   -0.70100    0.22600
  40.06700 -128.18300   -1.38000    0.25800
  39.81100  -67.14000   -0.66400    0.42200
  40.23800  -65.27000    0.00600    0.27400
  39.56200  -58.72500   -0.65400    0.25200
  38.90000 -136.16700   -0.22600    0.21600
  38.58300 -128.00000   -0.42300    0.24600
  39.15000 -124.91700   -0.15800    0.29500
  38.56900  -70.72000   -0.11000    0.37300
  38.82800  -70.00400    0.05100    0.37000
  39.15800  -68.94500    0.09900    0.35600
  39.40200  -68.21000    0.08700    0.35400
  38.99900  -58.98000   -0.47700    0.24300
  38.75000  -39.04200   -0.06700    0.27400
  39.12500  -37.12500    0.54500    0.32300
  38.75000  -35.29200    0.92600    0.29400
  38.14400 -125.01900   -0.63700    0.27200
  38.23300  -66.17500    0.59600    0.32400
  37.51600  -64.55500    0.16000    0.22300
  37.70400  -64.00000    0.20000    0.22100
  37.73300  -63.00000    0.04500    0.22500
  37.55400  -62.29000   -0.40300    0.24200
  37.61200  -60.82000   -0.30100    0.23500
  37.90000  -60.00000    0.15500    0.21700
  38.22900  -59.34900   -0.15200    0.22900
  37.61400  148.85500    0.01500    0.27200
  37.70000  171.99200    0.11300    0.24500
  37.15000 -157.03300   -0.20500    0.23900
  37.25000 -143.11700   -0.39300    0.23200
  37.46700 -125.86700   -0.55700    0.26400
  36.50800  -67.52000    0.45100    0.21800
  36.68500  -67.00000   -0.03400    0.23100
  37.02500  -66.00000   -0.00100    0.23100
  37.34800  -65.05000    0.15100    0.22500
  37.44300  -61.85000   -0.42300    0.24300
  37.44000  -61.31000   -0.02800    0.22500
  36.76700  150.45700    0.06600    0.24900
  36.62700  151.40500   -0.02600    0.23100
  35.62200 -125.88900   -0.36300    0.23900
  35.51700 -125.03300   -0.39400    0.21200
  36.06400  -69.94500    0.13400    0.24800
  36.21600  -68.89800    0.14400    0.24000
  36.33700  -68.02500    0.27700    0.22800
  35.95000  -26.00000    1.01000    0.26900
  36.00400   17.85900   -0.70900    0.42900
  36.34300  147.75800   -0.16200    0.27700
  36.17000  150.84500   -0.12500    0.25800
  35.08300 -142.51700   -0.27500    0.22800
  34.97800 -125.10000   -0.41600    0.24800
  35.15000 -123.26700   -0.46600    0.26700
  35.01000  -73.99500   -0.26100    0.35500
  35.29200  -26.04200    1.32100    0.23700
  34.33300 -173.05000    0.39200    0.25000
  34.45000 -134.25000   -0.56900    0.23700
  34.48300 -126.03300   -0.54700    0.24300
  33.69000  -74.77800   -0.59000    0.35400
  34.46700  -63.03300    0.49700    0.30900
  34.30200  145.04200   -0.27000    0.24500
  32.83300 -127.06700   -0.12800    0.24200
  32.98300 -125.93300   -0.14100    0.25300
  32.88500  -74.96800   -0.66700    0.33000
  32.85800  -57.50000    0.31400    0.29900
  32.86700  -53.43300   -0.05300    0.30600
  33.13800   28.10300   -1.62700    0.59300
  33.09500  144.60300   -0.26400    0.25500
  32.52100  152.50800   -0.02200    0.24300
  32.13300 -172.06700    0.09400    0.24200
  32.30000 -154.65000   -0.22600    0.23000
  31.60200  -73.95500   -0.46700    0.25200
  31.88300  -32.70800    0.79100    0.24700
  31.85000  -31.14200    0.45000    0.26000
  32.48800  151.75800   -0.07000    0.23300
  31.08300 -135.40000    0.22700    0.27100
  31.30000 -120.90000   -0.16800    0.23100
  30.92500 -120.12500   -0.06200    0.23400
  30.93200  -75.56600    0.19500    0.30600
  30.99400  -75.01200    0.28900    0.29400
  31.41000  -74.33000   -0.31000    0.26200
  30.45000 -152.67500   -0.05300    0.22700
  29.86700 -121.73300    0.19700    0.22400
  30.14300  -75.58500    0.15100    0.25200
  30.23800  -75.23300    0.20500    0.25800
  30.13200  -74.00000   -0.04500    0.26500
  28.75000 -153.51700    0.02400    0.27800
  29.33300 -152.46700   -0.53200    0.22300
  29.13300 -117.58300    0.26700    0.26800
  28.77500 -117.40800    0.15700    0.24900
  29.05800  -76.01300    0.02200    0.23500
  28.63300  -74.77500    0.03900    0.24100
  29.01000  -74.00000   -0.04600    0.25300
  29.33100  -73.34000   -0.01600    0.27000
  28.33700 -174.17500    0.29300    0.27400
  28.08300 -127.41700   -0.43300    0.22600
  28.08700  -75.79800    0.02900    0.23700
  28.02600  -75.25400    0.16200    0.23200
  26.70000 -169.08300    1.14300    0.22700
  27.40000 -121.58300   -0.45200    0.22100
  27.34400  -75.99500    0.02700    0.24300
  27.01300  -74.72100    0.19300    0.23900
  26.79000  -74.14800    0.30800    0.24200
  25.50000 -163.70000    0.68600    0.20800
  26.34200  -74.11500    0.27600    0.22300
  25.73300  -72.45000   -0.20300    0.28300
  26.13300  -70.15000   -0.36300    0.28200
  25.44200 -178.01700    0.59300    0.24000
  24.66700 -160.31700    1.00500    0.22200
  24.76700 -134.56700    0.21500    0.25900
  24.65800  -69.25800   -0.21600    0.28200
  23.95800 -160.48300    0.80000    0.20000
  23.61700 -156.13300    1.38600    0.22400
  24.50000 -116.63300    0.03500    0.23200
  23.85800  128.11700   -0.78900    0.24400
  23.70800  135.72500    0.02400    0.24700
  23.57500  146.08300   -0.18000    0.24100
  22.80000 -155.90000    1.20600    0.21200
  23.00000 -151.00000   -0.39600    0.25400
  22.96700 -148.05000   -0.07100    0.26400
  23.06700 -137.50000   -0.26400    0.23500
  23.49200  -58.25000   -0.43500    0.27300
  22.87800  -48.99700   -0.10200    0.20100
  22.79500  -48.00000    0.00800    0.20100
  23.38300  130.96700   -0.28700    0.22200
  23.44200  138.77500   -0.57800    0.23200
  22.50000 -166.11700    0.85500    0.25100
  22.21700 -155.21700    1.16300    0.23000
  21.96700 -116.05000   -0.14200    0.23600
  21.27100 -127.00400   -0.27400    0.24500
  20.30000 -161.41700    1.10100    0.20500
  20.10000  131.88300   -0.71300    0.24200
  19.03300 -177.31700    0.66400    0.23700
  18.86700 -157.70000    0.91100    0.27100
  19.36700 -128.50000   -0.17800    0.23500
  19.05000  138.35000   -0.81200    0.21200
  17.94200  -57.37500   -0.76300    0.25300
  18.09200  140.99200   -0.69400    0.25100
  16.82600   69.94500    0.56500    0.23000
  16.42600   69.80000    0.49800    0.22500
  15.62500  136.78300   -0.48800    0.23400
  14.68300 -151.90000   -0.15200    0.25700
  14.96700 -124.20000   -0.14000    0.21400
  14.58300   51.54200    0.87400    0.28800
  14.01700   52.01700    0.94200    0.26600
  13.69200   53.06700    0.82200    0.23300
  13.73000   69.41500    0.22200    0.21400
  13.78600   69.58000    0.44900    0.20800
  14.15800  130.52500   -1.07300    0.22300
  12.90800   46.30000    1.24000    0.27500
  12.21700 -111.05000    0.04200    0.29000
  11.63300 -103.80000    0.00100    0.24600
  12.18300  -98.78300   -0.38900    0.26700
  11.76700   44.30800    2.03000    0.23500
  12.45000  168.36700    1.08700    0.26000
  10.71700 -145.88300    0.05200    0.24600
  10.88300 -104.76700   -0.02500    0.24100
  10.58100  -57.90500   -1.43200    0.40700
  10.88300   45.00800    1.83900    0.26400
  10.98500   69.86500    0.21600    0.20600
  11.33300  161.58300    1.48100    0.28000
  11.20000  165.16700    0.95600    0.26700
   9.80000  -93.48300    0.31600    0.23300
   9.89900  -57.91700   -1.30900    0.44200
   9.94800  -57.08700   -1.38500    0.40400
   9.90700   70.14200    0.05000    0.20700
   9.59600   70.75500    0.16300    0.20900
   9.23700  -57.77200   -0.63600    0.41000
   8.91400  -57.02200   -0.69000    0.40300
   9.46000   70.19000    0.08900    0.20600
   7.57500  120.28300    0.38800    0.26500
   7.36700   70.66700    0.56700    0.29500
   5.78300 -123.98300   -0.24000    0.27100
   5.55800  122.14200   -0.83400    0.29000
   4.06700 -115.68300   -0.26800    0.26300
   4.08300  122.83300   -1.26200    0.30100
   2.92500  123.62500   -1.60600    0.30000
   2.90800  138.16700   -0.08200    0.24200
   2.45000  -19.65800    0.16100    0.26700
   2.40800  140.33300    0.11900    0.23700
   1.85800  143.26700   -0.11100    0.24200
   1.45000 -116.08300    0.03600    0.27800
   0.98300  -39.08300    0.48300    0.28200
   0.78300  169.18300    0.57000    0.30600
   0.18300 -123.43300   -0.28200    0.25700
  -0.07500  -23.85800    0.02700    0.26700
   0.17500  -22.68300    0.01200    0.22500
  -1.38300 -131.51700   -0.29500    0.24100
  -1.26700  -26.66700    0.40600    0.26800
  -1.46800    8.04500    1.56400    0.29700
  -2.91700   47.03300    0.24800    0.28100
  -3.46700   49.60000    0.46300    0.25600
  -3.61700 -114.21700   -0.53500    0.26800
  -3.60000   51.48300    0.44300    0.28500
  -5.42900   54.59500    1.30700    0.21700
  -5.33300   58.48300    0.72600    0.24200
  -5.41700   59.21700    0.85500    0.27500
  -5.45000   60.03300    0.38500    0.24000
  -5.36700   74.30000    0.22600    0.24100
  -5.35000   75.08300    0.11300    0.25600
  -5.95800   54.83600    0.86300    0.22700
  -5.51700   63.06700    0.84600    0.27000
  -5.55000   63.73300    0.07600    0.23800
  -5.65900   69.97500    0.15800    0.29300
  -7.33300 -118.66700   -0.45000    0.26600
  -6.64700   54.64000    0.76200    0.22200
  -9.01700  174.93300    0.36700    0.23600
  -9.66700 -110.63300    0.13100    0.26500
  -9.83300   56.50000    1.05800    0.23900
  -9.96700   57.11700    1.31500    0.29400
 -10.08300   57.88300    1.11800    0.23900
 -10.75000 -133.58300    0.41100    0.23100
 -11.76700 -128.95000    0.15700    0.24300
 -11.66700  109.61700    0.39500    0.30100
 -13.46700 -108.50000   -0.35200    0.25300
 -13.15000   93.21700   -0.33100    0.21200
 -12.85000  115.35000    0.52100    0.26900
 -12.58300  149.91700   -0.79200    0.30300
 -14.26700 -119.16700    0.04300    0.25400
 -13.83300   90.80000   -0.43100    0.21800
 -13.78300  115.55000   -0.20100    0.25600
 -14.35100  154.10900   -0.38900    0.23700
 -15.03300 -136.10000   -0.12900    0.24200
 -14.95000  108.15000    0.23200    0.24100
 -14.80400  150.62200   -0.35300    0.37700
 -15.04600  153.44000   -0.18700    0.21600
 -14.86100  153.80800   -0.35100    0.22100
 -16.26700 -168.51700   -0.09700    0.27600
 -17.46700 -160.98300    0.90400    0.24600
 -18.31700 -176.35000    0.53300    0.20000
 -17.53300 -158.66700    0.64400    0.22700
 -18.46700 -141.43300    0.06500    0.26100
 -18.57300 -176.44000    0.56200    0.20000
 -18.98300  -81.55000    0.32500    0.27000
 -18.98300  177.56700    0.29700    0.32500
 -19.51500 -175.94000    0.18900    0.20000
 -20.30000 -113.75000   -0.34200    0.27200
 -20.01000  162.32000    0.00600    0.25000
 -19.89700  162.74400    0.09100    0.24700
 -20.71700   97.20000   -0.36200    0.22700
 -21.70000 -147.63300    0.19700    0.21900
 -21.55000  -79.06700    0.25000    0.22900
 -21.91700  178.55000   -0.97300    0.29800
 -23.26700 -117.83300    0.13000    0.26700
 -23.14600   10.28200    0.21600    0.25400
 -22.99900   10.80200    0.39800    0.26200
 -23.00000  164.95000    0.37100    0.29900
 -23.59700   10.32500    0.12100    0.25700
 -23.90000  170.83300   -0.45400    0.26100
 -23.53300  171.80000   -1.03500    0.28000
 -24.56700   57.45000    0.24500    0.25000
 -25.05000  104.20000    0.96300    0.24100
 -25.39500  107.72000   -0.32500    0.21200
 -26.22300  -36.66000    0.32700    0.23200
 -26.22800  -36.36000    0.25300    0.23600
 -26.25500   11.27300    0.24600    0.24200
 -26.00400   11.93100    0.42400    0.25600
 -27.06700  -88.81700    0.32700    0.21800
 -27.47800  -45.36600    0.47200    0.33100
 -26.86900   11.39000    0.27200    0.23900
 -27.00100   11.96100    0.56100    0.24300
 -26.93300   58.16700   -0.47600    0.24500
 -27.08300  110.11500   -0.25300    0.21000
 -27.10000  155.86700   -0.45000    0.31400
 -27.93300 -106.93300    0.14900    0.25800
 -28.01700  -96.31700    0.46000    0.22000
 -27.54200  -45.40500    0.46000    0.33100
 -27.78300  156.10000   -0.18800    0.33400
 -29.40000  -43.61500   -0.32100    0.29000
 -29.49200   37.14600    0.21900    0.26400
 -30.27100   33.37500    1.34600    0.26100
 -30.38300   33.68000    1.30600    0.25900
 -29.50000  176.00000   -0.40100    0.30000
 -29.91700  176.76700   -0.74700    0.25900
 -31.48300   61.86700    0.15500    0.25200
 -31.35000   62.60000    0.57000    0.22700
 -31.78800   13.21000    0.70300    0.26000
 -31.80800   32.49000    0.48200    0.31500
 -31.54000   61.50000    0.73800    0.24400
 -32.09700  113.15800    0.74400    0.20700
 -32.55600   13.49000    0.55400    0.25800
 -33.36700   31.26300    0.51000    0.30600
 -33.02700   31.94300    1.00400    0.30300
 -33.09200   62.07500   -0.15000    0.23600
 -32.75000  102.75000    0.29200    0.22500
 -33.01700  103.50000    0.34500    0.27700
 -32.75800  109.31900    0.22300    0.21300
 -33.81100   14.29300    0.45900    0.23500
 -34.11800   15.12800    0.50800    0.23400
 -34.08900   15.61800    0.63700    0.23500
 -33.80000   96.01700   -0.26100    0.24500
 -34.18300  105.91700   -0.21300    0.24300
 -34.99200   14.45000    0.50800    0.21900
 -34.92500   15.15200    0.46700    0.22400
 -34.58500   15.87500    0.59400    0.23000
 -35.48700   28.48200    0.54200    0.30700
 -35.36900   29.08900    0.40500    0.29200
 -35.37200  112.03700    0.25000    0.21000
 -35.76700   73.66700    0.05100    0.27400
 -35.84000  111.49000    0.35700    0.20200
 -35.66300  111.59000    0.22200    0.20600
 -36.85000   76.38300    0.54300    0.27900
 -37.25000   78.51700    0.46600    0.24200
 -36.89400  133.98000   -1.11800    0.33200
 -37.93300   87.65000   -0.22900    0.23600
 -39.75000   63.96700    0.15100    0.25400
 -40.60000 -132.88300   -0.27900    0.21500
 -42.73300  -96.08300   -0.52600    0.25400
 -43.76700 -104.43300   -0.08400    0.25900
 -44.58300 -110.61700   -0.41800    0.22600
 -55.36500  -45.13500   -0.87200    0.21600
 -56.00600  -44.82500   -0.32100    0.21100
 -56.54400  -44.56500   -0.22000    0.21700
 -62.48900   11.48500    0.74800    0.20400
 -61.99100   11.85500    0.72900    0.20400
 -63.00100   11.10500    0.54200    0.20400
 -63.87600   10.45500    0.30500    0.20700
 -63.65400   10.62000    0.40400    0.20600
  74.31000   15.41000    0.31000    0.38400
  73.17500    9.85800    0.91700    0.34700
  72.09000   13.46000    0.78600    0.38800
  70.38000   15.91000    0.83000    0.34600
