  68.56400    2.99000   -3.45400    0.24800
  68.39400    3.30000   -2.95300    0.25800
  68.27600    3.51500   -2.52700    0.26000
  61.75700  -39.50000   -3.13100    0.23800
  61.62900  -39.20500   -3.34000    0.23400
  62.11700  -34.01400   -3.50400    0.21600
  62.07800  -33.00000   -3.01900    0.20700
  62.05800  -31.99800   -2.74900    0.20600
  62.00500  -31.00000   -2.44200    0.20500
  61.93800  -30.00000   -2.21500    0.20500
  61.87400  -29.00000   -1.82800    0.20300
  61.41000  -38.70500   -3.54800    0.23100
  61.12500  -38.00000   -3.79000    0.23100
  60.78600  -37.01000   -3.70000    0.22100
  60.57600  -36.01600   -3.44300    0.21200
  60.53400  -35.00000   -3.12100    0.20700
  60.52000  -33.99900   -2.91900    0.20500
  60.50200  -33.47000   -2.94600    0.20400
  61.27500  -28.79200   -1.16000    0.27200
  61.49100  -23.59700   -2.09200    0.20900
  61.43200  -23.00000   -2.39100    0.21500
  61.33900  -22.00100   -2.55600    0.22100
  61.25800  -20.99900   -2.78900    0.21900
  61.13000  -19.96700   -3.26800    0.22700
  60.74900  -19.01800   -3.28300    0.22300
  60.47400  -32.96900   -2.65700    0.20400
  60.42000  -32.00100   -2.49000    0.20300
  60.37100  -31.00000   -1.91700    0.20200
  60.31500  -30.00000   -1.59700    0.20200
  60.25200  -29.00200   -1.13700    0.20100
  60.20000  -28.00000   -1.62800    0.20300
  60.14000  -26.99900   -2.09600    0.20700
  60.04500  -26.00000   -2.48400    0.20800
  59.95400  -25.00000   -2.60100    0.20800
  59.88900  -24.00000   -2.70800    0.21200
  59.82900  -23.00000   -3.08300    0.22100
  60.47000  -18.53900   -3.19100    0.21800
  60.22000  -18.21500   -3.14800    0.21500
  58.33300 -140.05000   -4.71500    0.33200
  56.50900 -175.00500   -6.07100    0.33100
  57.31600 -139.96700   -4.67100    0.32800
  55.62200 -176.71500   -5.98800    0.32600
  55.98700 -176.00000   -5.96400    0.32300
  56.37500 -175.26000   -6.01200    0.32700
  56.17700 -173.86500   -6.11500    0.33400
  55.64700 -172.29000   -5.99100    0.32000
  56.39300  168.39000   -4.41100    0.28200
  55.17500 -178.69200   -5.67500    0.31700
  54.96200 -177.95500   -6.18700    0.33900
  55.35200 -177.21200   -6.06500    0.33000
  54.66700 -176.50000   -5.70800    0.32700
  54.53300 -135.63300   -3.81300    0.32500
  54.64200 -135.10000   -3.76300    0.28100
  54.77500  -42.90800   -3.80900    0.28300
  53.90000 -176.06700   -5.51300    0.31500
  54.20000 -135.99200   -3.40300    0.30400
  52.64200 -175.95000   -4.96800    0.30100
  53.36700 -161.68300   -7.34900    0.24200
  53.23300 -157.10000   -5.03100    0.25800
  52.60000 -141.16700   -4.04700    0.25300
  53.13300 -138.75000   -4.18400    0.28000
  53.39200  177.44200   -5.45500    0.31000
  51.50000 -154.46700   -4.75600    0.26600
  50.73300 -148.36700   -4.59100    0.22700
  51.38300 -145.18300   -4.31300    0.23200
  47.93300 -169.80000   -5.49700    0.24200
  46.88300 -174.81700   -5.73600    0.22200
  46.89200   -9.85000   -5.38500    0.28500
  45.56700 -143.18300   -4.62200    0.24600
  46.14200  -15.35000   -4.36800    0.30700
  45.02500 -144.46600   -4.63800    0.25400
  44.30000 -163.78300   -5.62800    0.22000
  43.81700 -143.11700   -4.65700    0.23000
  43.96700 -140.63300   -4.62800    0.22000
  43.75000 -137.10000   -4.15500    0.24700
  43.00000 -134.45000   -4.03400    0.24500
  40.98300 -160.65000   -5.04200    0.25800
  40.90000 -128.40900   -2.98000    0.31000
  40.55800  -18.95800   -5.55300    0.29500
  39.70000 -172.98300   -5.62900    0.23700
  40.30000 -136.26700   -4.69800    0.22600
  40.06700 -128.18300   -4.73000    0.25800
  39.81100  -67.14000   -6.85900    0.42200
  40.23800  -65.27000   -6.17100    0.27400
  39.56200  -58.72500   -6.67600    0.25200
  38.90000 -136.16700   -4.82300    0.21600
  38.58300 -128.00000   -4.80300    0.24600
  39.15000 -124.91700   -4.14200    0.29500
  38.56900  -70.72000   -6.28100    0.37300
  38.82800  -70.00400   -6.12500    0.37000
  39.15800  -68.94500   -6.08400    0.35600
  39.40200  -68.21000   -6.10200    0.35400
  38.99900  -58.98000   -6.48200    0.24300
  38.75000  -39.04200   -5.02200    0.27400
  39.12500  -37.12500   -4.18500    0.32300
  38.75000  -35.29200   -3.42200    0.29400
  38.14400 -125.01900   -4.70100    0.27200
  38.23300  -66.17500   -5.50200    0.32400
  37.51600  -64.55500   -5.86100    0.22300
  37.70400  -64.00000   -5.82300    0.22100
  37.73300  -63.00000   -5.96300    0.22500
  37.55400  -62.29000   -6.39500    0.24200
  37.61200  -60.82000   -6.24900    0.23500
  37.90000  -60.00000   -5.79100    0.21700
  38.22900  -59.34900   -6.11600    0.22900
  37.61400  148.85500   -5.90500    0.27200
  37.70000  171.99200   -5.68200    0.24500
  37.15000 -157.03300   -5.65700    0.23900
  37.25000 -143.11700   -5.42500    0.23200
  37.46700 -125.86700   -4.75300    0.26400
  36.50800  -67.52000   -5.59600    0.21800
  36.68500  -67.00000   -6.07300    0.23100
  37.02500  -66.00000   -6.02900    0.23100
  37.34800  -65.05000   -5.87300    0.22500
  37.44300  -61.85000   -6.39800    0.24300
  37.44000  -61.31000   -5.98600    0.22500
  36.76700  150.45700   -5.86700    0.24900
  36.62700  151.40500   -5.96500    0.23100
  35.62200 -125.88900   -4.63000    0.23900
  35.51700 -125.03300   -4.57400    0.21200
  36.06400  -69.94500   -5.95600    0.24800
  36.21600  -68.89800   -5.91600    0.24000
  36.33700  -68.02500   -5.76900    0.22800
  35.95000  -26.00000   -3.92400    0.26900
  36.00400   17.85900   -6.99000    0.42900
  36.34300  147.75800   -6.09300    0.27700
  36.17000  150.84500   -6.06500    0.25800
  35.08300 -142.51700   -5.29700    0.22800
  34.97800 -125.10000   -4.59500    0.24800
  35.15000 -123.26700   -4.44400    0.26700
  35.01000  -73.99500   -6.45000    0.35500
  35.29200  -26.04200   -3.72500    0.23700
  34.33300 -173.05000   -5.23100    0.25000
  34.45000 -134.25000   -5.23700    0.23700
  34.48300 -126.03300   -4.81400    0.24300
  33.69000  -74.77800   -6.78400    0.35400
  34.46700  -63.03300   -5.32200    0.30900
  34.30200  145.04200   -6.21300    0.24500
  32.83300 -127.06700   -4.37400    0.24200
  32.98300 -125.93300   -4.32400    0.25300
  32.88500  -74.96800   -6.85100    0.33000
  32.85800  -57.50000   -5.28600    0.29900
  32.86700  -53.43300   -5.46700    0.30600
  33.13800   28.10300   -7.93700    0.59300
  33.09500  144.60300   -6.21200    0.25500
  32.52100  152.50800   -6.00800    0.24300
  32.13300 -172.06700   -5.61500    0.24200
  32.30000 -154.65000   -5.67600    0.23000
  31.60200  -73.95500   -6.61100    0.25200
  31.88300  -32.70800   -3.99900    0.24700
  31.85000  -31.14200   -4.56000    0.26000
  32.48800  151.75800   -6.05500    0.23300
  31.08300 -135.40000   -4.35300    0.27100
  31.30000 -120.90000   -4.09700    0.23100
  30.92500 -120.12500   -3.92000    0.23400
  30.93200  -75.56600   -5.97500    0.30600
  30.99400  -75.01200   -5.87100    0.29400
  31.41000  -74.33000   -6.46100    0.26200
  30.45000 -152.67500   -5.46400    0.22700
  29.86700 -121.73300   -3.78000    0.22400
  30.14300  -75.58500   -6.01200    0.25200
  30.23800  -75.23300   -5.94900    0.25800
  30.13200  -74.00000   -6.16700    0.26500
  28.75000 -153.51700   -5.20700    0.27800
  29.33300 -152.46700   -5.71600    0.22300
  29.13300 -117.58300   -3.47700    0.26800
  28.77500 -117.40800   -3.59300    0.24900
  29.05800  -76.01300   -6.16100    0.23500
  28.63300  -74.77500   -6.10100    0.24100
  29.01000  -74.00000   -6.15700    0.25300
  29.33100  -73.34000   -6.10700    0.27000
  28.33700 -174.17500   -5.46500    0.27400
  28.08300 -127.41700   -4.68300    0.22600
  28.08700  -75.79800   -6.14200    0.23700
  28.02600  -75.25400   -5.98900    0.23200
  26.70000 -169.08300   -4.55400    0.22700
  27.40000 -121.58300   -4.41200    0.22100
  27.34400  -75.99500   -6.16000    0.24300
  27.01300  -74.72100   -5.93300    0.23900
  26.79000  -74.14800   -5.78300    0.24200
  25.50000 -163.70000   -4.84600    0.20800
  26.34200  -74.11500   -5.82200    0.22300
  25.73300  -72.45000   -6.21400    0.28300
  26.13300  -70.15000   -6.31600    0.28200
  25.44200 -178.01700   -5.24400    0.24000
  24.66700 -160.31700   -4.46100    0.22200
  24.76700 -134.56700   -4.51300    0.25900
  24.65800  -69.25800   -6.07900    0.28200
  23.95800 -160.48300   -4.67200    0.20000
  23.61700 -156.13300   -3.99800    0.22400
  24.50000 -116.63300   -3.78600    0.23200
  23.85800  128.11700   -5.82300    0.24400
  23.70800  135.72500   -5.08400    0.24700
  23.57500  146.08300   -6.12800    0.24100
  22.80000 -155.90000   -4.17500    0.21200
  23.00000 -151.00000   -5.58300    0.25400
  22.96700 -148.05000   -5.13700    0.26400
  23.06700 -137.50000   -5.14600    0.23500
  23.49200  -58.25000   -5.79500    0.27300
  22.87800  -48.99700   -4.25700    0.20100
  22.79500  -48.00000   -3.90600    0.20100
  23.38300  130.96700   -5.41100    0.22200
  23.44200  138.77500   -4.39800    0.23200
  22.50000 -166.11700   -4.74000    0.25100
  22.21700 -155.21700   -4.19600    0.23000
  21.96700 -116.05000   -3.96000    0.23600
  21.27100 -127.00400   -4.74200    0.24500
  20.30000 -161.41700   -4.50900    0.20500
  20.10000  131.88300   -5.64500    0.24200
  19.03300 -177.31700   -5.15200    0.23700
  18.86700 -157.70000   -4.64800    0.27100
  19.36700 -128.50000   -4.76400    0.23500
  19.05000  138.35000   -4.78500    0.21200
  17.94200  -57.37500   -5.95900    0.25300
  18.09200  140.99200   -4.82900    0.25100
  16.82600   69.94500   -4.61000    0.23000
  16.42600   69.80000   -4.59500    0.22500
  15.62500  136.78300   -4.56200    0.23400
  14.68300 -151.90000   -5.65300    0.25700
  14.96700 -124.20000   -4.33100    0.21400
  14.58300   51.54200   -2.72700    0.28800
  14.01700   52.01700   -2.41300    0.26600
  13.69200   53.06700   -2.54800    0.23300
  13.73000   69.41500   -4.75900    0.21400
  13.78600   69.58000   -4.54500    0.20800
  14.15800  130.52500   -5.67500    0.22300
  12.90800   46.30000   -2.27800    0.27500
  12.21700 -111.05000   -3.53900    0.29000
  11.63300 -103.80000   -2.70000    0.24600
  12.18300  -98.78300   -3.81600    0.26700
  11.76700   44.30800   -0.98500    0.23500
  12.45000  168.36700   -5.03300    0.26000
  10.71700 -145.88300   -5.05300    0.24600
  10.88300 -104.76700   -2.92200    0.24100
  10.58100  -57.90500   -7.12300    0.40700
  10.88300   45.00800   -2.14700    0.26400
  10.98500   69.86500   -4.70400    0.20600
  11.33300  161.58300   -4.65000    0.28000
  11.20000  165.16700   -5.15300    0.26700
   9.80000  -93.48300   -3.54700    0.23300
   9.89900  -57.91700   -7.02900    0.44200
   9.94800  -57.08700   -7.06900    0.40400
   9.90700   70.14200   -4.84600    0.20700
   9.59600   70.75500   -4.73400    0.20900
   9.23700  -57.77200   -6.36800    0.41000
   8.91400  -57.02200   -6.40200    0.40300
   9.46000   70.19000   -4.79000    0.20600
   7.57500  120.28300   -4.35200    0.26500
   7.36700   70.66700   -4.19500    0.29500
   5.78300 -123.98300   -4.27500    0.27100
   5.55800  122.14200   -5.55000    0.29000
   4.06700 -115.68300   -4.04300    0.26300
   4.08300  122.83300   -5.86900    0.30100
   2.92500  123.62500   -6.09900    0.30000
   2.90800  138.16700   -4.33500    0.24200
   2.45000  -19.65800   -4.87800    0.26700
   2.40800  140.33300   -4.16700    0.23700
   1.85800  143.26700   -4.36000    0.24200
   1.45000 -116.08300   -3.78800    0.27800
   0.98300  -39.08300   -4.81200    0.28200
   0.78300  169.18300   -5.36700    0.30600
   0.18300 -123.43300   -4.42200    0.25700
  -0.07500  -23.85800   -3.24700    0.26700
   0.17500  -22.68300   -3.59000    0.22500
  -1.38300 -131.51700   -4.76700    0.24100
  -1.26700  -26.66700   -4.04500    0.26800
  -1.46800    8.04500   -4.22200    0.29700
  -2.91700   47.03300   -5.66600    0.28100
  -3.46700   49.60000   -4.66800    0.25600
  -3.61700 -114.21700   -3.95100    0.26800
  -3.60000   51.48300   -4.66800    0.28500
  -5.42900   54.59500   -4.06000    0.21700
  -5.33300   58.48300   -4.29000    0.24200
  -5.41700   59.21700   -4.14100    0.27500
  -5.45000   60.03300   -4.53700    0.24000
  -5.36700   74.30000   -4.66900    0.24100
  -5.35000   75.08300   -4.90100    0.25600
  -5.95800   54.83600   -4.51500    0.22700
  -5.51700   63.06700   -3.68100    0.27000
  -5.55000   63.73300   -4.35900    0.23800
  -5.65900   69.97500   -3.86100    0.29300
  -7.33300 -118.66700   -4.14400    0.26600
  -6.64700   54.64000   -4.58600    0.22200
  -9.01700  174.93300   -5.17600    0.23600
  -9.66700 -110.63300   -2.59000    0.26500
  -9.83300   56.50000   -4.19100    0.23900
  -9.96700   57.11700   -4.01600    0.29400
 -10.08300   57.88300   -3.95100    0.23900
 -10.75000 -133.58300   -4.16100    0.23100
 -11.76700 -128.95000   -3.94400    0.24300
 -11.66700  109.61700   -5.41600    0.30100
 -13.46700 -108.50000   -3.36300    0.25300
 -13.15000   93.21700   -5.37100    0.21200
 -12.85000  115.35000   -5.39700    0.26900
 -12.58300  149.91700   -5.72300    0.30300
 -14.26700 -119.16700   -3.40900    0.25400
 -13.83300   90.80000   -5.18500    0.21800
 -13.78300  115.55000   -6.19600    0.25600
 -14.35100  154.10900   -5.33400    0.23700
 -15.03300 -136.10000   -4.60600    0.24200
 -14.95000  108.15000   -5.57000    0.24100
 -14.80400  150.62200   -5.39500    0.37700
 -15.04600  153.44000   -5.08200    0.21600
 -14.86100  153.80800   -5.23700    0.22100
 -16.26700 -168.51700   -5.82000    0.27600
 -17.46700 -160.98300   -4.84300    0.24600
 -18.31700 -176.35000   -2.17900    0.20000
 -17.53300 -158.66700   -5.01900    0.22700
 -18.46700 -141.43300   -4.65700    0.26100
 -18.57300 -176.44000   -2.15500    0.20000
 -18.98300  -81.55000   -4.04000    0.27000
 -18.98300  177.56700   -3.81600    0.32500
 -19.51500 -175.94000   -2.54700    0.20000
 -20.30000 -113.75000   -3.04300    0.27200
 -20.01000  162.32000   -4.99600    0.25000
 -19.89700  162.74400   -4.91100    0.24700
 -20.71700   97.20000   -5.72700    0.22700
 -21.70000 -147.63300   -4.98300    0.21900
 -21.55000  -79.06700   -4.36700    0.22900
 -21.91700  178.55000   -5.14200    0.29800
 -23.26700 -117.83300   -3.01300    0.26700
 -23.14600   10.28200   -5.56200    0.25400
 -22.99900   10.80200   -5.40600    0.26200
 -23.00000  164.95000   -4.63100    0.29900
 -23.59700   10.32500   -5.65800    0.25700
 -23.90000  170.83300   -4.70500    0.26100
 -23.53300  171.80000   -5.18500    0.28000
 -24.56700   57.45000   -4.56400    0.25000
 -25.05000  104.20000   -4.84200    0.24100
 -25.39500  107.72000   -6.14400    0.21200
 -26.22300  -36.66000   -5.34700    0.23200
 -26.22800  -36.36000   -5.40600    0.23600
 -26.25500   11.27300   -5.55400    0.24200
 -26.00400   11.93100   -5.40100    0.25600
 -27.06700  -88.81700   -3.80400    0.21800
 -27.47800  -45.36600   -5.28000    0.33100
 -26.86900   11.39000   -5.52700    0.23900
 -27.00100   11.96100   -5.25600    0.24300
 -26.93300   58.16700   -5.33600    0.24500
 -27.08300  110.11500   -6.06600    0.21000
 -27.10000  155.86700   -5.37800    0.31400
 -27.93300 -106.93300   -3.11500    0.25800
 -28.01700  -96.31700   -3.38500    0.22000
 -27.54200  -45.40500   -5.29100    0.33100
 -27.78300  156.10000   -5.13100    0.33400
 -29.40000  -43.61500   -6.06500    0.29000
 -29.49200   37.14600   -5.64100    0.26400
 -30.27100   33.37500   -4.49300    0.26100
 -30.38300   33.68000   -4.52800    0.25900
 -29.50000  176.00000   -4.56100    0.30000
 -29.91700  176.76700   -4.87000    0.25900
 -31.48300   61.86700   -4.23400    0.25200
 -31.35000   62.60000   -3.86800    0.22700
 -31.78800   13.21000   -5.11700    0.26000
 -31.80800   32.49000   -5.42900    0.31500
 -31.54000   61.50000   -3.63300    0.24400
 -32.09700  113.15800   -5.13200    0.20700
 -32.55600   13.49000   -5.26900    0.25800
 -33.36700   31.26300   -5.31900    0.30600
 -33.02700   31.94300   -4.82600    0.30300
 -33.09200   62.07500   -4.69300    0.23600
 -32.75000  102.75000   -5.13500    0.22500
 -33.01700  103.50000   -5.14500    0.27700
 -32.75800  109.31900   -5.60900    0.21300
 -33.81100   14.29300   -5.37700    0.23500
 -34.11800   15.12800   -5.33800    0.23400
 -34.08900   15.61800   -5.20200    0.23500
 -33.80000   96.01700   -4.66100    0.24500
 -34.18300  105.91700   -5.83600    0.24300
 -34.99200   14.45000   -5.31600    0.21900
 -34.92500   15.15200   -5.37500    0.22400
 -34.58500   15.87500   -5.24500    0.23000
 -35.48700   28.48200   -5.22500    0.30700
 -35.36900   29.08900   -5.37900    0.29200
 -35.37200  112.03700   -5.43600    0.21000
 -35.76700   73.66700   -3.67100    0.27400
 -35.84000  111.49000   -5.23100    0.20200
 -35.66300  111.59000   -5.40000    0.20600
 -36.85000   76.38300   -2.86600    0.27900
 -37.25000   78.51700   -2.29800    0.24200
 -36.89400  133.98000   -6.38500    0.33200
 -37.93300   87.65000   -4.10600    0.23600
 -39.75000   63.96700   -4.60600    0.25400
 -40.60000 -132.88300   -4.91900    0.21500
 -42.73300  -96.08300   -4.36900    0.25400
 -43.76700 -104.43300   -3.63900    0.25900
 -44.58300 -110.61700   -3.34500    0.22600
 -55.36500  -45.13500   -4.56100    0.21600
 -56.00600  -44.82500   -4.18700    0.21100
 -56.54400  -44.56500   -4.20400    0.21700
 -62.48900   11.48500   -4.97500    0.20400
 -61.99100   11.85500   -4.91300    0.20400
 -63.00100   11.10500   -5.24300    0.20400
 -63.87600   10.45500   -5.52600    0.20700
 -63.65400   10.62000   -5.42100    0.20600
  74.31000   15.41000   -4.13400    0.38400
  73.17500    9.85800   -2.49200    0.34700
  72.09000   13.46000   -3.55400    0.38800
  70.38000   15.91000   -3.98800    0.34600
  69.68300    3.81500   -3.93000    0.21800
  68.80000    3.46000   -3.67200    0.21000
  69.19800    3.62000   -3.98700    0.21900
  58.05900 -140.58300   -4.90200    0.24700
  57.28300 -147.69000   -5.72000    0.22300
  54.38700  -51.63500   -5.49400    0.32700
  53.90500  -51.00000   -5.46800    0.30400
  53.51400  -50.48500   -5.47300    0.29100
  53.34000  -50.25500   -5.53900    0.29000
  43.59500  -57.16500   -7.35500    0.41900
  42.91100 -134.61000   -4.13100    0.20200
  42.97800 -134.00000   -4.08900    0.20200
  43.08900 -133.00000   -3.88700    0.20200
  43.15900 -132.00500   -3.88400    0.20400
  43.06300 -131.00000   -3.84500    0.20500
  42.95100 -130.00000   -3.61100    0.20500
  42.83900 -129.00000   -3.62000    0.20600
  42.72200 -128.00000   -3.13400    0.20200
  42.60400 -127.00000   -2.83100    0.20000
  42.52300 -126.31000   -2.94700    0.20200
  43.00800  -58.55500   -7.44000    0.42200
  42.97100  -58.22300   -7.41500    0.40100
  43.32500  -57.02000   -7.19500    0.38900
  42.46300 -125.80500   -3.02200    0.20400
  42.42500 -125.48000   -3.55500    0.21000
  41.85300  -59.00000   -7.39400    0.31900
  41.94300  -57.75400   -7.14700    0.33400
  41.54000  -56.96000   -7.28000    0.31900
  41.59300  -56.32700   -7.37600    0.31200
  42.04000  -46.72500   -5.65700    0.23600
  41.85700  -46.28500   -5.95900    0.24600
  42.27700   30.44500   -7.01600    0.55700
  42.40200   30.72000   -7.15500    0.57000
  41.08000  -57.91400   -7.25300    0.29500
  40.96800  -57.12200   -7.31900    0.29700
  41.23600  -55.76500   -7.19000    0.29400
  40.73600  -55.24500   -7.05000    0.27700
  39.69500  -58.60500   -6.84900    0.26100
  40.14000  -58.10000   -7.25300    0.28600
  40.35600  -56.72500   -7.22100    0.28200
  39.87900  -56.00000   -6.97100    0.26500
  40.16900  -54.83900   -6.77700    0.25700
  39.76100  -54.23000   -6.75600    0.25400
  39.18700  -54.91800   -6.67400    0.24700
  39.02800  -53.99700   -6.28700    0.23100
  38.98600  -53.45000   -5.90100    0.21600
  33.53300  -11.30500   -6.21300    0.27500
  33.22300  -14.57500   -5.22000    0.23000
  33.07400  -13.92600   -5.73100    0.24900
  32.33900  -14.80000   -5.45700    0.23600
  32.18900  -14.02900   -5.50400    0.24200
  30.79100  -15.99500   -5.34300    0.24300
  30.80000  -14.99300   -5.08000    0.25100
  30.90100  -14.13200   -4.73400    0.26300
  29.70400  -15.66500   -5.29300    0.27400
  30.20600  -15.24500   -4.84600    0.26000
  28.96900  -15.88300   -5.71400    0.29400
  28.58900  -15.29000   -6.08400    0.32200
  27.62400  -17.06000   -5.42500    0.27500
  27.50600  -16.48000   -5.66400    0.29500
  26.74700  -17.66000   -5.02100    0.24900
  27.12300  -16.99200   -5.48900    0.27800
  27.17000  -16.30300   -5.89500    0.31300
  26.45900  -61.65000   -6.21000    0.20600
  26.25100  -18.00000   -4.84500    0.24600
  22.43500   37.74500   -1.99100    0.20100
  21.39000  -65.50800   -6.00300    0.21500
  20.52300   38.59000   -1.71100    0.23100
  20.20400   38.28700   -1.67900    0.22100
  19.77000   38.67300   -1.98500    0.22000
  19.31400   38.45500   -2.15800    0.30000
  19.43500   38.56000   -2.04700    0.27300
  18.53400  118.11000   -5.05800    0.24100
  18.62200  123.19000   -5.18400    0.22200
  18.79200  123.61000   -5.84100    0.21900
  18.43000  117.76500   -4.97700    0.23600
  18.48300  122.84500   -5.31000    0.23700
  17.80200  133.07500   -5.79300    0.20100
  17.82200  133.77500   -5.69200    0.20200
  18.00000  136.44500   -4.59800    0.20100
  17.99800  137.00000   -4.74400    0.20100
  17.99400  138.00000   -4.81900    0.20100
  17.99100  138.77000   -4.82100    0.20100
  17.98200  140.07500   -4.71400    0.20200
  17.98500  141.00000   -5.01300    0.21000
  17.98700  141.69500   -5.21300    0.21800
  18.00300  144.04500   -4.09500    0.20200
  18.15200  144.79000   -3.52100    0.20200
  17.72900  158.42500   -5.85800    0.20500
  17.58500  158.62500   -5.82100    0.20500
  17.29800  157.11000   -5.83400    0.20400
  17.22900  159.12000   -5.79900    0.20500
  16.91300  159.56000   -5.84100    0.20500
  15.65000  -65.62000   -5.51500    0.23600
  14.66200  -74.99100   -4.81600    0.22000
  14.75400  -74.50000   -5.09600    0.22700
  13.78400  -76.65000   -5.08500    0.23400
  14.16600  -76.46000   -4.33600    0.21300
  14.45400  -74.61500   -4.64900    0.21500
  14.20500  -74.00000   -4.84000    0.22600
  13.80600  -73.01500   -5.61100    0.25500
  14.33200  -57.52500   -6.97900    0.26100
  14.36500  -57.48000   -7.22600    0.27300
  13.82600  113.79500   -4.56800    0.20800
  13.73400  114.75500   -4.49500    0.20500
  13.02000  -77.03000   -5.60400    0.26300
  12.66000  113.08500   -4.85400    0.21600
  12.99900  114.24000   -4.53800    0.20700
  12.78400  115.14000   -4.77400    0.21200
  12.92300  155.17000   -6.04200    0.20400
  13.16300  156.00000   -6.16700    0.20600
  13.31700  156.53000   -6.24700    0.20700
  12.04000 -103.86500   -3.03200    0.20000
  12.15500 -103.00000   -3.10800    0.20000
  12.23500 -102.40000   -3.19100    0.20000
  11.95500  -56.96000   -7.08400    0.32700
  12.02500  -56.40000   -7.03200    0.31900
  12.29900  113.35000   -4.65500    0.21100
  11.91800  113.63000   -4.68500    0.21100
  12.27500  114.92900   -4.73600    0.21100
  10.51600  -57.92500   -7.12900    0.41700
  10.55400  -56.92000   -6.76000    0.34500
  10.84400  -56.02800   -6.73900    0.32000
  10.95000  -55.19500   -6.48800    0.28200
  11.25300  155.16500   -5.85900    0.20400
  11.15800  155.53000   -5.77200    0.20300
  10.10800  -57.80900   -7.09000    0.43300
   9.95500  -57.00000   -7.01500    0.39800
   9.22700  -56.79700   -6.69000    0.40000
   8.28700  -56.73000   -6.05000    0.42300
   7.21000  -91.34000   -3.87700    0.20500
   5.83900  -43.63000   -5.07100    0.22000
   5.58800  -43.42500   -5.04000    0.22100
   6.15600  164.32000   -5.08700    0.20600
   6.21800  165.00000   -5.25900    0.20800
   6.30900  166.00000   -5.17500    0.20500
   6.39900  167.00000   -5.20000    0.20700
   6.44500  167.50000   -5.15000    0.20700
   5.25700  -43.15500   -5.02600    0.22100
   3.53500  -83.79000   -2.50500    0.20200
   4.23700  -44.35000   -5.52400    0.24600
   3.85800   51.24500   -6.48000    0.23700
   4.01800   51.82500   -6.43000    0.23600
   2.99700  -83.77200   -3.05200    0.20100
   3.33500  -42.43500   -5.22600    0.22500
   2.20500  -92.66500   -2.13000    0.20400
   0.94200    6.93000   -5.04400    0.28900
   0.42100    7.42500   -4.98400    0.29400
   0.32700    7.51500   -4.95500    0.29200
  -1.14300  -37.16500   -5.23000    0.22300
  -3.58400   45.17500   -6.30600    0.26400
  -4.68400   45.00000   -6.19100    0.26000
  -4.67000   45.66500   -5.94600    0.24400
  -6.19600  128.13000   -5.37900    0.21500
  -6.54900  128.21000   -5.44900    0.21500
 -13.13200 -144.09300   -4.57200    0.20200
 -18.39000 -150.69000   -4.27300    0.20300
 -17.79500 -150.39000   -3.88200    0.20700
 -17.90400    3.21000   -5.76500    0.20800
 -17.98800    3.55000   -5.69400    0.20700
 -18.57000 -150.78000   -4.31700    0.20300
 -18.90400    7.16500   -5.89600    0.21900
 -19.08300    8.00100   -5.79100    0.22000
 -19.19000    8.55000   -5.74200    0.22300
 -19.72000 -150.95500   -4.42400    0.20000
 -22.49400   42.03500   -4.78000    0.26500
 -22.61800   41.88000   -4.78800    0.26500
 -24.25400   43.08800   -4.95800    0.25100
 -24.64900   43.33500   -4.99800    0.24200
 -25.96500  -11.74500   -3.97200    0.20200
 -25.97000   -4.20000   -4.76700    0.20300
 -25.84500   -3.34500   -4.84000    0.20200
 -36.48500  -31.21000   -4.74200    0.20900
 -36.01300  127.36700   -6.01900    0.21400
 -36.37700  132.29400   -6.26100    0.22100
 -36.55300  -30.81500   -4.71800    0.20800
 -36.69400  -30.00000   -4.64000    0.21000
 -36.85800  -29.14000   -4.68500    0.20700
 -37.00000  127.21500   -5.90600    0.20900
 -36.93100  128.05600   -5.99300    0.21100
 -36.87700  130.90300   -6.30700    0.21900
 -36.88900  131.98400   -6.36800    0.22200
 -37.11100  132.72900   -6.39800    0.22300
 -37.74900  127.05400   -5.66100    0.20200
 -37.92300  131.48100   -6.27800    0.21800
 -37.67300  131.54100   -6.30100    0.21900
 -37.75800  133.01500   -5.93100    0.20900
 -42.49900  127.35000   -4.99500    0.20000
 -42.06000  127.80600   -5.10500    0.20000
 -42.19300  134.81900   -4.99900    0.20000
 -42.01700  142.18500   -5.28900    0.20900
 -42.06100  142.66800   -5.42800    0.21500
 -42.50100  127.19000   -5.00500    0.20000
 -43.00000  135.05200   -4.91600    0.20000
 -42.65400  141.43000   -4.99600    0.20500
 -42.55500  141.58500   -4.83100    0.20600
 -42.88600  143.17500   -5.11200    0.20800
 -43.38600  143.58500   -5.06900    0.21100
 -44.00000  135.12400   -4.69800    0.20000
 -44.04600  143.35100   -5.10300    0.20700
 -44.05900  143.68200   -5.05600    0.20700
 -43.91000  152.01500   -5.40200    0.22700
 -43.91000  153.00000   -5.53800    0.22300
 -43.91000  153.99500   -5.40000    0.21700
 -44.00700  163.02500   -5.34100    0.21200
 -45.20100  128.43000   -4.63800    0.20000
 -45.00000  135.19600   -4.56300    0.20000
 -45.17100  144.15100   -5.01700    0.20500
 -45.32800  149.47000   -5.33100    0.22900
 -45.26100  149.54000   -5.25300    0.22700
 -44.60800  151.48500   -5.65900    0.24300
 -44.76100  151.83000   -5.60200    0.23200
 -44.52100  163.39000   -5.41000    0.21600
 -45.64400  128.48300   -4.50600    0.20000
 -45.84000  128.97200   -4.63100    0.20000
 -46.03600  129.91800   -4.55000    0.20000
 -46.00000  135.26800   -4.39600    0.20000
 -45.94500  144.35300   -4.84600    0.20400
 -45.95500  144.58600   -4.81800    0.20300
 -46.43300  150.26500   -5.65200    0.23600
 -46.37100  150.64500   -5.25600    0.21200
 -46.99900  130.12600   -4.34800    0.20000
 -46.51400  135.30400   -4.28000    0.20000
 -46.78600  144.79100   -4.65500    0.20500
 -47.95000  130.23500   -4.15800    0.20000
 -47.82300  151.89000   -5.40200    0.22000
 -48.49500  154.14900   -5.17500    0.21700
 -48.48600  154.53500   -5.12200    0.21500
 -48.71600  -51.60500   -6.59400    0.21300
 -48.91400  -51.31800   -6.73900    0.22000
 -49.10700  -45.81500   -6.22100    0.20900
 -49.07100  -44.77500   -6.00700    0.20500
 -49.36500  -44.41000   -6.01200    0.20400
 -49.22400  147.29500   -4.63400    0.20700
 -48.73500  154.10500   -4.97200    0.20900
 -48.70800  154.74400   -4.85000    0.20400
 -49.24100  156.19500   -5.32000    0.21200
 -49.42500  162.28000   -4.20200    0.20200
 -49.83800  153.31000   -5.26700    0.21600
 -49.93900  154.02900   -4.89700    0.20900
 -49.80600  154.64100   -5.12700    0.21000
 -49.52700  156.47500   -5.23100    0.21800
 -50.03100  156.97000   -5.00200    0.21300
 -50.17000  158.32500   -4.53500    0.20500
 -50.44900  158.55000   -4.38200    0.20600
 -50.47300  160.46000   -4.14900    0.20000
 -50.16200  161.00000   -4.36600    0.20400
 -49.68700  161.82500   -4.28900    0.20200
 -51.35800  -39.69000   -5.70500    0.27300
 -51.08900  -39.32500   -5.56400    0.25200
 -50.53600  157.46500   -5.08300    0.21900
 -51.01000  157.93000   -4.71500    0.20900
 -50.85800  158.88000   -4.07900    0.20200
 -50.73000  160.01500   -4.17700    0.20100
 -52.19100  -40.82000   -6.05300    0.29500
 -51.73100  -40.19500   -5.88000    0.28600
 -54.48500  157.88500   -4.81000    0.20800
 -54.61000  158.17000   -4.43800    0.20500
 -55.07500  159.26000   -5.39200    0.20500
 -55.31000  159.80000   -4.53800    0.20400
 -56.50000  156.84500   -4.04000    0.20500
 -56.50000  159.35500   -4.56300    0.20900
 -56.50000  159.79000   -4.51300    0.21500
 -57.48300  -29.89500   -3.17000    0.20000
 -57.44400  -29.00000   -3.74300    0.20900
 -57.40700  -28.15500   -3.82600    0.21100
 -57.17300  -22.94500   -5.22600    0.20900
 -57.13000  -22.00000   -5.01500    0.20800
 -57.60000  -32.59000   -3.61300    0.20800
 -57.57400  -32.00000   -3.88200    0.20400
 -57.53100  -31.00000   -3.57900    0.20200
 -57.50500  -30.40000   -3.21500    0.20100
 -59.09300  -31.97500   -3.12100    0.20100
 -59.19700  -31.00000   -3.21700    0.20100
 -59.30300  -30.00000   -2.93100    0.20100
 -59.38000  -29.27500   -2.56400    0.20000
 -60.46600  -61.39500   -3.97400    0.20500
 -60.04900  -22.92000   -3.95500    0.20200
 -60.11400  -22.30500   -3.82200    0.20100
 -60.02600   -2.05500   -5.79000    0.21100
 -60.40400   97.23600   -5.72500    0.23700
 -60.69200  -61.11500   -3.96700    0.20500
 -61.22500   46.87000   -5.94700    0.22100
 -61.00000   97.26600   -5.81500    0.24600
 -61.28200  107.33500   -5.14600    0.21900
 -61.20800  112.23100   -5.45700    0.23500
 -61.27800  126.01700   -5.92100    0.24500
 -61.17200  157.25500   -2.87800    0.20000
 -61.42100  157.61000   -2.87700    0.20000
 -61.06900  168.23500   -4.81000    0.20600
 -61.29900  169.00000   -4.38800    0.20100
 -61.47300  169.58000   -4.56000    0.20300
 -62.46300   25.12000   -6.16700    0.22800
 -62.00700   46.83300   -5.86600    0.24100
 -62.32000   53.34500   -6.20100    0.23400
 -62.10600   53.62900   -6.20300    0.23300
 -62.25300   55.00000   -5.99000    0.22900
 -61.79900  107.19000   -5.28000    0.22700
 -61.51500  112.26400   -5.77400    0.24800
 -62.00100  126.07300   -6.12900    0.26200
 -62.02000  131.48000   -6.06500    0.25300
 -61.77600  158.11500   -2.65700    0.20000
 -62.27400  158.82500   -2.44900    0.20000
 -61.64300  170.14400   -4.32200    0.20200
 -61.87300  170.97300   -4.18600    0.20300
 -62.15100  172.00000   -4.77500    0.20300
 -62.30400  172.56500   -4.46800    0.20000
 -63.31300   24.33000   -6.30100    0.23500
 -62.81200   24.79500   -6.12600    0.22700
 -63.10800   34.21200   -6.34000    0.24000
 -63.33700   41.77500   -5.99700    0.22900
 -62.93500   46.78800   -5.86100    0.26700
 -63.42000   52.44000   -6.29700    0.25600
 -63.08100   52.96000   -6.31900    0.25000
 -62.74200   53.99500   -6.26100    0.24000
 -63.07500   57.04500   -5.92300    0.23500
 -62.54900  126.11500   -6.09000    0.26600
 -62.72000  131.50500   -6.17300    0.26600
 -63.09200  147.33200   -4.60500    0.21400
 -62.62200  159.32000   -2.65000    0.20000
 -63.09500  159.99500   -2.78500    0.20000
 -63.46700  163.14500   -3.10700    0.20000
 -63.38700  164.00000   -3.02600    0.20000
 -63.33600  164.54000   -3.03300    0.20000
 -63.03300  166.43500   -2.87600    0.20000
 -63.29500  166.75000   -2.63700    0.20000
 -64.35600   23.36000   -6.06600    0.23000
 -63.85600   23.82500   -6.19300    0.23300
 -64.13300   27.25900   -6.70600    0.25900
 -64.00800   28.41600   -6.71000    0.25600
 -63.84000   34.30600   -6.31800    0.24300
 -64.46400   39.10500   -6.23400    0.24500
 -64.38200   40.08100   -6.12000    0.24400
 -64.09900   41.00000   -6.00300    0.24100
 -64.15600   41.97300   -5.84000    0.23900
 -64.11400   42.86000   -5.77400    0.23200
 -63.61500   52.28000   -6.33200    0.26300
 -64.01700   56.48000   -5.95200    0.24600
 -63.73300   56.65000   -5.98900    0.24200
 -63.57400  162.00500   -3.06400    0.20000
 -63.51300  162.65000   -3.23200    0.20000
 -63.70800  167.24500   -3.09800    0.20000
 -64.09600  167.71000   -3.40400    0.20000
 -65.20000  -27.51000   -6.32700    0.24300
 -65.35500  -27.19500   -6.16600    0.23600
 -65.38800   22.40000   -6.35000    0.25100
 -64.88800   22.86500   -6.24400    0.24200
 -64.77700   28.38300   -6.92200    0.27200
 -64.63500   37.26500   -6.32900    0.24700
 -64.56700   38.00000   -6.31300    0.24600
 -64.51000   38.61000   -6.58200    0.26100
 -64.50300   40.20000   -5.86500    0.23800
 -65.43300  172.05500   -3.93500    0.21000
 -65.35800  172.55500   -4.11200    0.21300
 -66.14900 -119.99000   -5.41300    0.21400
 -66.24400 -104.53200   -5.70700    0.25000
 -66.14700  -84.61200   -5.30200    0.23800
 -66.46500  -75.54500   -4.58300    0.22100
 -65.59800  -26.70000   -6.08000    0.23300
 -65.94200  -26.00000   -5.61800    0.21700
 -66.34500  -25.18000   -5.55800    0.21600
 -66.43100   21.43000   -6.29700    0.26500
 -65.93100   21.89500   -6.34400    0.25900
 -65.52300  171.45500   -3.90400    0.21700
 -65.50900  171.55000   -3.86300    0.20900
 -67.33900 -132.51500   -5.18400    0.21300
 -67.42400 -132.37500   -5.07400    0.21100
 -67.25000 -126.99200   -4.82600    0.20800
 -67.13100 -126.24600   -4.72500    0.20500
 -66.51200 -119.98000   -5.33800    0.21300
 -67.02300 -109.92500   -5.41800    0.22900
 -67.00200 -104.53800   -5.85100    0.25500
 -66.57600  -84.51700   -5.39500    0.24700
 -66.72000  -84.48600   -5.35200    0.24600
 -66.62100  -80.51500   -5.21100    0.23700
 -66.63600  -80.45500   -5.14800    0.23500
 -66.62800  -75.76000   -4.73200    0.22400
 -66.58800  -24.68500   -5.63900    0.21900
 -66.92500  -24.00000   -5.92700    0.22900
 -67.33700  -23.16000   -5.88600    0.22700
 -66.52200   21.34500   -6.22900    0.26200
 -66.76700   23.09500   -6.82200    0.28600
 -66.61000   28.00000   -6.57100    0.28400
 -66.59100   29.00000   -6.42100    0.28600
 -66.57900   29.63000   -6.46800    0.28700
 -67.73000 -131.87000   -4.96400    0.21000
 -68.23000 -131.04500   -4.76300    0.20800
 -67.99900 -130.08000   -4.60900    0.20600
 -67.74300 -126.79700   -4.66000    0.20700
 -67.93600 -125.91400   -4.66600    0.21000
 -67.80100 -125.07900   -4.56200    0.20700
 -67.73100 -124.06000   -4.55500    0.20800
 -67.71300 -109.97500   -5.21700    0.23100
 -68.00300 -104.54500   -5.80400    0.25600
 -68.12900  -28.93500   -5.99800    0.24100
 -68.12600  -28.00000   -5.95100    0.23700
 -68.12300  -27.00000   -5.88000    0.23300
 -68.12100  -26.31500   -6.17300    0.24500
 -67.58100  -22.66500   -6.08400    0.23500
 -67.90700  -22.00000   -6.06300    0.23400
 -68.32700  -21.14500   -6.16500    0.23900
 -67.77400   -1.63500   -5.50400    0.22800
 -67.66200   -1.44500   -5.50000    0.22600
 -67.50800   25.46500   -6.73100    0.31800
 -67.53700   25.55500   -6.71300    0.31900
 -68.52900 -130.55000   -4.79700    0.21100
 -68.59900 -129.78500   -4.63700    0.21000
 -68.80700 -129.41500   -4.62600    0.21200
 -68.65900 -124.87000   -4.67500    0.21300
 -69.00500 -104.55200   -5.76900    0.26800
 -69.06500  -98.85000   -5.89000    0.24400
 -68.92100  -98.07000   -5.88500    0.24100
 -69.39000  -89.65500   -5.13400    0.24100
 -69.31300  -89.00000   -5.15000    0.25000
 -69.19600  -88.00000   -4.96300    0.25400
 -69.13000  -87.43000   -4.80000    0.24900
 -69.49200  -31.54500   -6.36400    0.26600
 -69.41000  -31.00000   -6.37600    0.26600
 -69.26000  -30.00000   -6.36600    0.26400
 -69.11000  -29.00000   -6.25200    0.25500
 -69.01300  -28.35000   -5.92000    0.24100
 -68.57100  -20.65000   -5.98000    0.23300
 -68.89000  -20.00000   -6.08600    0.23900
 -69.33200  -19.08900   -6.11000    0.24400
 -69.28000  176.04000   -4.42100    0.21700
 -69.72200 -104.55800   -5.77000    0.28100
 -69.98600 -103.51000   -5.75300    0.25900
 -69.60900 -102.99500   -5.73000    0.25300
 -69.50000 -102.00000   -5.62000    0.25100
 -69.50000 -101.00000   -5.67200    0.25100
 -69.50000 -100.00000   -5.57000    0.24300
 -69.50000  -99.00000   -5.81400    0.25100
 -69.50000  -98.00000   -5.73800    0.24300
 -69.50000  -97.00000   -5.63500    0.23600
 -69.50000  -96.48500   -5.66400    0.23600
 -69.84600  -33.90500   -6.32600    0.27300
 -69.71000  -33.00000   -6.35300    0.27100
 -69.56800  -32.05000   -6.34400    0.26900
 -69.51800  -18.58000   -6.20200    0.24800
 -69.64600  -18.00000   -6.03200    0.24100
 -69.86700  -17.00000   -5.87600    0.23500
 -69.98900  -16.45000   -6.08600    0.24300
  88.55500  121.35000   -5.28600    0.26500
  88.72300  125.00000   -5.39400    0.27300
  88.91700  129.20000   -4.96100    0.25100
  87.59200  100.50000   -5.28000    0.26400
  87.80000  105.00000   -5.55400    0.27700
  88.03100  110.00000   -5.40300    0.27100
  88.26200  115.00000   -5.69100    0.28300
  88.43700  118.80000   -5.51400    0.27600
  86.87700   85.00000   -3.75500    0.20200
  87.10800   90.00000   -4.78100    0.23300
  87.33800   95.00000   -5.04900    0.24700
  87.47500   97.95000   -5.46200    0.27300
  84.01000   20.85000   -4.74200    0.25000
  83.65300   25.76700   -5.12500    0.27400
  83.58400   27.65000   -5.28300    0.28100
  82.99900   24.35000   -5.29800    0.28100
  82.98400   28.90000   -5.67000    0.30000
  82.30600   26.75000   -5.69300    0.30500
  82.06700   29.40400   -5.42300    0.30600
  79.98000   -3.35000   -3.90800    0.28500
  79.70500   -0.40000   -3.70100    0.26600
  77.75900   -2.70000   -4.55500    0.29300
  77.61400   -1.90000   -4.55900    0.29100
  77.15400    0.65000   -4.01400    0.26300
  72.16900 -147.54500   -7.83700    0.47400
 -70.01300 -103.53500   -5.81900    0.26400
 -70.00900  -16.36000   -6.14000    0.24600
 -72.38800 -158.74500   -5.23000    0.22100
 -72.40800 -155.44500   -5.57500    0.23700
